2.48005184413923
-2.5819570661636297
1.1229053689106
-6.717426260622281
1.92858163365335
10.5945884493957
-2.96443124208276
-3.46106412392869
-1.29201114615073
-2.06539732094972
-5.1599594508196
5.36304490602741
-3.49953434100086
-7.3631917552668
2.55542781908002
1.92185166072027
-3.0599248647271096
-7.8050119076922595
2.27094661658305
-5.90309980698249
-7.45504017777838
2.62088857997887
4.80967535809455
3.90521272134746
3.49906203652786
-5.94635398187389
3.94062968882876
4.31625022987775
6.95783978889717
6.658686815379231
-7.23945313757598
-0.746080208818375
3.3147225568024803
1.41594396286715
1.86024636688684
-2.25176385057837
4.3022275335086295
1.95951045911288
3.36524335816042
-6.850342222346491
3.48973818090764
-2.7827664317669
-1.91120874241712
-0.426551964866548
-10.7074069617898
-2.9629021172379
3.57532928277587
0.4035139181850601
-2.3443043067618503
-3.21209493766578
4.35311670481056
-9.772645808224311
-3.9541029548573
-8.31385750041248
3.0890719843855
1.2437414043434498
8.02184665425362
-6.587123005683218
6.03494815843445
6.28451770463395
2.06260166995634
2.62287991884539
-2.02623871130546
3.75474846997856
4.40769247163063
-0.0370641086279288
-4.07399639994549
3.2766350828477595
-6.93370586774837
-8.93527828582387
-5.8190905149870895
-1.81871330641434
-6.35932676829134
-0.15356495189634306
-9.004740144809778
-2.99918865888263
2.2170190439992004
6.19760681800467
-3.16671861695928
4.34186983904732
-10.102869642607802
-1.82493913931824
4.83987246963091
-6.974447336759219
-7.1512415684555695
0.217056092482682
0.3631931952301721
-0.710706937842045
-12.004311310602601
-0.160863819011125
-4.1630477025722
-0.00045301337801700897
-5.786365782879487
18.1321288808617
-4.7793148277087685
6.4864613102346524
-4.78674250227981
-8.19492508836119
-0.8625033821463691
6.1183896655469
2.3006018798774104
5.0694949355417185
2.59169505427178
1.51813241450346
2.7533595845707595
2.61937521381273
8.05766374194745
7.59982345759539
6.095578820925231
5.83573224610368
7.02030510507345
1.3952959121611002
8.54090297502499
0.9152252021562152
5.2286448534019
-5.97028643943832
2.11638017711651
3.4288378196098703
-3.19764966376953
0.147905031457074
-4.2628893177097895
-1.26872297880767
-7.10710509291815
2.56833184421599
2.37118565461834
-0.194373541080916
8.62199033805755
6.6744140825311895
