0.431931215450724
0.215042812360945
0.8121541622517
-1.8696705127593505
0.496202545248249
0.34382875318773903
-0.5699107815471011
-0.18206582286757605
0.0327723152098001
0.192330870322408
-1.02508778546544
0.20870240216620686
-0.7334075502586949
-1.68149951582293
-1.21053419128688
0.121559967831631
0.233815396144812
-1.17229962801632
1.11685439748215
0.213721545022583
-0.16428778366675198
0.745377647356204
0.5860045548295041
-0.187950402040845
0.787076770518836
-0.8975148606839458
0.7086346289777941
0.6769450950095249
0.196448265050334
0.19828150494105
-0.918982230748668
-0.786806747203146
1.59686733637862
1.19827331294818
0.0678782785695461
0.3388092387052751
-0.2186858258359861
-0.7963792792873292
0.293114500706625
-0.746261476908732
0.516715820613655
0.24507356232657496
-0.9509219999529142
0.382585540818673
-1.4099249249289298
-0.339084518221583
0.55178088639292
-0.422130543547915
-0.557910956301331
0.120969785245747
0.5136204019334659
-0.8954319771443051
-0.0128611182056278
-0.280149365507144
1.54587214675332
0.4140978973615049
0.574906774923865
-0.27180556644194603
0.460785680847609
0.462225773028581
0.471696959335564
0.738698933268792
0.0901385181386506
-0.00702245428612728
0.8258800511529659
-0.875087486756514
0.5905630182757071
-1.17716417171473
0.23531293393955105
-0.8871389248870408
-0.920704377315979
-0.4093521751330729
-0.655635372989158
-0.284241676084604
-0.719427950765256
-0.645174994960806
0.879052597458807
0.5000324338902079
-0.53059303754773
0.605378793323691
-1.76680987827166
-0.20450322582360506
0.00752006880626954
-0.684262711990062
-1.12677011067095
0.4314077828887341
0.672573660888067
0.115622049820596
-1.66283013273936
-0.0458560631640137
0.598481492702302
-0.0850864975503912
0.271856884589755
-0.5778468558588641
0.0467856786750993
0.7790125211637341
-0.6775321721983871
-0.0708443984525258
-0.594680806046251
-0.0755211642666563
0.572097564514793
0.0108610107772866
0.350853353700886
-0.120620143046989
1.24561110435665
1.02780664674171
0.497252843640577
0.6103593328201911
-0.258066881497223
0.4941420646159671
0.776425207532543
1.15887274929983
0.298429653318594
0.705579714749129
-1.0506939691193
-0.155397700669201
0.2456391120614489
0.7375260780554871
0.159472568928759
0.257460915058908
-0.169883463652183
-0.7255405545984951
0.25885114361185896
0.25930237073068
0.570626633836555
-0.0606163153358822
-0.409086027256729
0.237110825714445
