0.200081084035932
0.361254893784649
3.00278860824991
-8.28213488535987
4.03069792856473
3.311097273685009
-2.78391392955957
-2.7063273318964702
0.996385703758664
2.49060531477083
-3.61460472031799
1.71268312849701
-3.96088195682316
-6.625746857858981
-1.17163686683531
-0.512509222114985
2.30184457487775
-5.18695722055743
3.62929765196888
-1.76348242674106
0.356018885134234
2.93177333964751
3.11469039648744
1.04424313026939
1.7236360449698
-4.00559129686344
1.97761629184091
4.57118722538917
2.63216124290118
-2.21224548969902
-4.12633919803548
-3.21313068057306
5.17882112642987
4.9229962522487405
0.7291812857256609
-0.299055288679102
1.98302052041618
-1.5439967366636398
2.38483294759832
-4.76812463907157
1.23402655799246
0.237920213052883
-3.92515203267797
1.74972982068066
-9.015593057307733
-0.625798045157563
2.55198930532457
-3.19660561817218
-3.79552712709043
1.1334658410886005
2.8561270646771098
-6.012726481705822
0.6970923286288621
-2.61184233658135
5.09438694155924
-0.8236016753123729
4.64076192320812
1.77077492533387
2.73393344780748
2.59083871927378
1.74418021031037
4.02704510658256
-0.500547321128523
1.4007885142052998
5.5852044213597
-4.075939351450399
1.27083937423756
-2.73861743090826
0.0374432368365228
-4.734553529596259
-4.55811860390856
1.59072382030249
-2.74725160244348
-1.83996965703328
-5.20729878534046
-3.04363667274311
3.64711945157536
2.7008800387101
-1.5559456067205302
3.2051748057280296
-7.3281023206057405
-0.764747386095215
3.41298732857231
-3.3451901220147504
-5.57373832733624
0.3740509645019871
-1.24566819748879
-0.979315320580285
-9.753675905312633
0.0761880957665559
-1.45151537540695
-0.526945673997371
1.25486951514338
3.764498955932541
-0.914888487057672
2.11608068115307
-3.32937273714282
-0.134012348672415
2.02389134382958
6.168465171002821
3.59658403741477
1.5538238702048002
3.7301271345806097
-1.71063120078231
0.6856092927711429
1.20383387399506
3.915105518134681
3.3563568384250804
-0.24337510530109
1.32198849272556
1.62148526062799
0.693765259822831
1.9134863078209297
3.48909330831016
-3.6110001936060696
-1.5315396036768705
-1.9326507541809697
1.99067697161318
0.6040188937117211
-0.397403697497878
-1.71614616560305
-2.5537073847989
-1.04091463596502
2.75716880363248
2.78946910844312
0.502308762432814
0.7010829499497421
4.16556696580513
