1.82655596723601
-33.1449715586122
-6.51474426303033
12.005440162207801
37.86112439775321
-8.08478751225991
-3.00208248606084
-12.950513195850801
3.41788076829949
-9.885435260566519
-14.005740705736802
-13.775064485404403
-8.01088433847802
26.6083831816931
-7.71904163244699
-5.12784174491156
-8.063048873765709
-5.267563823138059
-3.8412976355599295
-13.820611321866
8.53360210168643
0.920705367085908
12.9520975827122
-20.2678021773867
-18.1991379237258
-23.3707847454054
-27.288310036932
1.68673166342974
30.906574218579397
41.2553124783962
-14.374966635813001
-3.9368057487141503
-6.41821634041532
9.23170313497882
-24.2415582603543
-1.7346196964375502
-4.14439828369895
21.386835867347106
6.257987006462929
-16.738196879024
9.28841899399007
-10.3242297694724
9.49851667125643
-14.483219653705401
228.89827933956505
-16.2344118213529
-6.2873872561393895
-4.324204783810339
14.428430553814303
-4.703996650594308
-11.768210032284601
3.54440365364356
-9.544112298353607
-0.0913004319134933
-7.70007801455991
-12.853331743968699
-5.79329289931957
24.312292531925202
4.38076968696721
-8.036454286303659
-7.4748115671688495
-2.5229655786528
-10.314590815180699
-16.305152843018803
10.3901506682884
0.253462913225091
3.7089615536386096
41.732695124698786
-12.9178799437819
0.663515642365978
-26.4447664688017
2.8572354971734
-6.13183684186382
-16.2291151426183
10.4607529379836
-11.077212033448602
-6.66852374364579
-20.077183997978803
-6.765044604935089
-13.188865816018
16.2363353528915
-19.4320891852682
-14.9715814523266
-20.5837261438208
-12.023018843069
-18.4706299828715
-9.863192462023939
-19.047416548712302
-17.9655955456819
7.99595569285704
48.1455368647133
9.35784876328604
52.8130959540646
36.957191633422106
-12.611912061888402
-18.728057377802998
-16.0488324012151
3.79201092433505
15.807413152859096
-22.83612354082
20.0407781744088
12.6515432092544
-30.4615567228646
-14.6076752730667
6.14388284279648
3.76352936400055
-43.855503234031296
-8.198463003743969
12.4884136088095
0.26389158853451106
3.00129324127354
-22.9773334964744
7.02968529406152
-5.465857092980831
52.7224679245276
-5.46617626336109
-7.9834163389569905
-7.57955787647681
-4.3047094099624905
10.1600862178714
-0.384066136012828
18.4959774788167
-2.43347958275576
-11.4918544184358
-12.145518607632699
-4.53106530206634
28.48985786425089
21.0333980953713
