4.76711061673307
3.37365350874306
10.526040521306
-34.275609912460496
7.46904496668743
22.8876350656246
-8.86402532847284
-10.210821028629802
-2.71155686778768
3.80107773684542
-17.483479304123097
6.5139907875682415
-12.1550469177444
-23.4982115171425
-9.15410026430882
4.16770031757012
4.0903726121907
-21.407010735626802
18.4828825910853
-4.93028950198478
-1.39069160378834
10.5510840577903
9.79395168976518
0.0610437158015354
12.288216345390198
-15.3148470765558
15.8820084608555
9.77485907377105
9.11339801222842
-2.14226131203242
-19.41511740411
-17.0501324302071
20.201434364844197
13.938151283859902
8.09113008009257
6.72042800007893
11.789366299179699
-9.09930129623853
2.88190119789118
-22.3316185213978
4.49986055408295
-3.85831858988063
-10.9813499242839
-3.85238070282004
-21.3363831292894
-6.8734742579358805
6.77719271383456
-0.864949769984383
-6.176186177994009
-7.3520179591760195
15.6634184232017
-19.0115282735569
-3.802018621387061
-12.213387550738402
16.7086267965962
6.174018418741468
18.2020083350693
-9.855682502595359
12.3000741255743
8.78381377363492
4.36540535827568
11.6144629818734
-2.5000969914682702
8.96639464536891
28.6095250401984
-10.482737345310195
3.8509646198336696
-17.9445707728595
2.77100884007378
-15.740233554064801
-16.9203587030411
-4.38111625827263
-15.334389992325196
-8.18380606279743
-8.725793086318161
-10.0074766085285
12.365800319575
6.7262412324852585
-5.38792879045328
19.025382602804
-28.1209795942977
-10.107980719847902
15.3174245210164
-18.4642869386793
-21.630099283714298
6.72765876233102
9.99647491902385
3.03280898207543
-30.692946345857106
-1.32655890637367
-8.9267005397625
-3.32207563264188
-2.4843847807102404
11.2130334620332
-9.194593814432213
9.17824151611851
-14.5403334609693
-5.7491759786825005
-1.94231709462105
9.202730047269661
15.7327175977726
5.72745990400242
2.43428870320042
1.97657356498322
7.27731107461975
7.250525333513651
5.35736017386798
18.222812041549002
0.504546795205947
12.9259847345367
19.8183369399345
12.374596015496302
9.81883757895433
11.316004513924101
-25.8539446233883
-4.70779449776005
7.25251589848791
10.7068746896869
3.83052345697989
12.1721300173254
-6.633492114143291
0.313371289225732
-0.331122014046309
4.72769320647774
5.89329763293667
5.97586442831535
-3.6348158491462703
0.0352309487756897
