-1.40778044147983
-1.21594860284034
5.82783738227005
-12.813602527695
-1.76661975568063
3.33427467696814
-2.50495660586809
-4.03455220510907
-6.9703395309353615
3.77209504257984
-7.940110456919191
5.34655386558035
-2.55959450027378
-10.7819736024381
-5.460337535424969
0.252738283043877
-3.85902339287842
-12.516938848024699
4.7458066167084105
0.10012479354337896
-4.3102317661943
2.12711955527043
-2.528469626699509
6.25802474300307
-1.1918913652631695
-3.2513912307132
12.216914411959099
0.5585226061017261
0.5284854251577921
-7.03129119810063
-6.71615699533072
-2.7253536002456897
8.062527243430411
-2.9107122286711204
1.84090703079572
2.8552563052488704
0.8102161823042769
-4.6253132351555895
1.02272886153822
-6.442549975497347
-1.54919423394045
2.08100683361431
-6.13263087253255
1.20495864383915
-9.65609691459353
-2.29149208684076
0.6066356025993829
2.94751647112731
-2.1748593234836497
-3.87786682419029
5.20915982583503
-7.00363044842559
0.26836862782433896
-3.85359164002631
3.72514338683652
7.01565910770504
8.13667308294344
-6.4881211050284895
0.131272731483451
3.85940093298657
2.15050364031935
4.540059997154169
1.93772302746108
5.426002392611902
8.74062514358453
-3.02221247758687
2.07917822907433
-2.03359164105811
-4.47948037144834
-10.163813229480699
-3.843740584918432
-3.8865713335086696
-5.67955838056905
4.73565524067384
-1.41502570708853
-2.69726945352211
6.0267390463802695
6.876137225345991
-3.3010166177680897
6.38390268086627
-12.4404348026365
-3.73306780438886
-0.734964979839905
-5.29847727664376
-4.27395868754412
2.6225203752172
8.02255613084218
6.74316692462016
-2.92278266319434
0.0220700925378809
-9.032361628514607
-3.6841308159153394
-9.77890616658544
7.22010198633016
1.34002855769643
11.9765633033285
-5.09150822592097
-6.018174639163259
-6.6686183666811205
4.8171081621878615
6.27199504047122
3.1566914469080003
5.52092289638186
7.976638090632808
3.89372553437926
1.44488627165477
3.1723369261739505
6.833676611116201
-4.59287417078266
5.31211008985795
12.3901602458608
6.2200539524913205
8.15147283979429
5.28979432536622
-3.97968267977212
0.421290466281182
11.7904305696351
-1.18729546738148
1.27993815992602
1.92054006374551
-2.2682949504034102
5.32846346020466
1.15798164432489
0.8352468424180141
4.6547715172258695
-0.255003031315133
-1.7502157005759498
-6.7040428926720095
