3.99970410476838
-3.0275142538497994
-3.57264563642538
7.18853361855634
2.13217396889504
-2.21631546760787
-0.528203377342062
-1.63406499656299
-0.671714816025851
-2.64990362453647
-0.8115648288582291
-1.77150582925091
0.321352179223656
7.980827971399339
-1.5048416305309702
-0.8402089192024079
-2.62545266555812
7.75580597430413
-3.8231155814546
-1.14467782956504
-0.54686130751644
-1.53698123572261
0.1903034519302461
0.0476723371359059
-1.87006872566351
-0.706783244310276
-3.93384565846556
-2.80527196400264
2.9200010227977504
9.860732335418053
2.28501451796415
0.804322958037187
-3.17596494831586
-2.6634455665886096
-3.6404213731542097
-1.05964184450433
-2.16472046742879
-0.8152886891895971
-0.615300199655665
2.91828894804072
-0.5588491949928779
0.316764429814495
1.9639547885631103
-1.59819060067755
39.420148653893
-1.90259597141415
-0.21354367750418105
0.75582239692598
-0.535348114169741
-1.27804513151169
-2.64001841734967
5.08988689880091
0.36297914201809295
0.5372200459993
-3.11804152416816
-2.34717083499125
-2.05209743123735
-0.191616642835025
-3.2162197773849703
-3.2516334735901
-1.86777661404589
-2.42110484709978
-3.65257498580062
-3.29124966575589
-2.05942845501754
1.14576248182385
-3.61660442057249
2.28030859545971
-3.0076652927339302
1.08520437457984
-1.5595100504281798
-1.78009495703491
0.376259719347889
-2.24490296162883
0.0290669477178525
-1.5650131696442198
-1.6169220337783403
-0.7244389090241959
-1.35005634946205
-3.83363004255604
3.62324299640836
0.761344466737846
0.352622234865091
0.680375318227552
1.0441652714398102
-3.21483768576476
-3.11792631667274
-2.67911206470635
3.0352199837355203
-1.33475892199254
2.76211441631563
0.143256883842314
2.68816506529951
0.33296759506449203
-0.522418079032544
-0.00970661556151436
-0.16154993325108602
-0.109362101827055
9.079796253602108
3.6011791145792595
-2.7748723492829703
2.7317142426389105
-2.28729075524065
0.516220014632755
0.16949320358285005
-1.333341947365
-3.11731011511523
3.23364330124394
0.5103607796354339
-0.62959717894606
-1.94452598540022
-1.11755659631145
0.35082128263454304
-1.52549395333139
6.46735466307397
-1.4196050170946002
-0.460169808878421
-0.17620369209676198
-2.23573876956587
-1.54246461004435
2.7203377883906903
-2.1601874015218203
-0.9075415245602522
-1.53593846968598
-2.39542985750395
-1.48995923389801
3.7949827671489
-0.313922294164421
