6.807123030185619
-1.86654780161592
-0.600048818434286
-7.60618090269179
6.88621980115924
0.4491963469657779
-3.67471195630636
-3.1150149780909904
4.551049927732
-2.57280214149692
-4.31271210226177
-2.17140412364488
-3.91106959965495
1.36792999260569
-5.07954597428955
0.5233434519302349
-0.609427534010014
2.9169792282174902
0.41034906547808
-2.2380294821400897
-3.3290923451683803
3.8924612329741097
6.5580970230356215
-3.27375534272025
5.3380621372327
-5.44154316842922
-1.33747211530423
-2.36204853307566
3.9305190328562496
18.2901093749274
-4.64985459588839
-4.89648346394003
0.210079493738106
-1.71988153867397
-2.04045955790992
-0.976059872109658
1.08076491384931
-0.8375938683725551
2.18193904652368
-4.69524071564138
4.15896526244407
-1.08099865375953
0.8083590776244458
-1.6734258563308502
33.0150748828231
-4.4656998572652
0.8849218811191351
-2.43754608726346
-3.35020753248869
0.314194063639471
-0.945431334870668
0.4198373515678739
-1.89690507016541
-2.12863136587072
1.16964238436744
-0.347576316271928
-0.42677987523071104
-1.64488633715917
-2.50776110490879
-0.855814093460355
-0.4897581724686129
0.141469843923485
-2.4897999944755296
-2.12227865714689
-1.3258760137648895
-3.2052882634312403
-2.7555753420639104
-6.03068717267333
-0.246319948113947
-3.57602700391356
-4.81524273630466
-1.95749853822767
-0.679937159967221
-3.2935565786128698
-4.03178475931747
-2.46326249762118
-0.17262569480411902
0.502949517250284
-2.6704433282871096
0.299412547867076
-0.344473352211923
-0.25431115428209
5.09602276543258
-4.92847907828875
-4.1073953972031
1.715604378309
1.47876260109027
-1.16519871652378
-5.993198434775668
-2.1672071936681
9.91456740913248
1.7072213699512
5.30145764401716
-3.74042635032901
-1.6647200893702
2.49457562294319
-3.6343085648938094
2.18513461845971
0.183786201851616
0.4213560423594671
3.2807986003532004
3.3627826975706805
0.908764341108608
-0.5192238972943339
1.33422517723339
2.05225996160184
-0.383902053363209
7.1456594709719
4.13318643391056
4.23361698265282
2.09954433928971
1.9430266897024
-0.646390081663379
1.0029813099068
-4.8681930016613
-2.41943507550877
-1.1949818666681398
3.64939372120817
-0.9706076971062852
-0.111821992907021
-1.07523386051478
-4.67552741000092
-1.95282268305529
-0.4021653887512921
-2.9313829556225004
-0.6028566029864201
-3.76165728267588
21.1667477683423
