-11.965021682383304
-8.44565814154409
-0.831083562943522
-2.48194737736714
0.853184625188585
-1.27101772528693
0.340931980176286
-3.2556325932927
-0.182382964607824
-4.03062704192679
-3.89493266276598
-1.3693553827989098
-3.54245419528807
3.20853023832225
0.389996516971239
2.99260811984154
31.5312442516078
-0.938648718098479
0.0882672296638699
-1.906148715845
-0.3931974772187071
-4.98873091328201
0.911191611967552
-0.590171966773131
-6.06328368846208
-5.10636970956534
-6.1023879146526205
2.90287947648764
-3.58822595203732
-0.4643422463494271
0.7857171195087159
-2.6175081752420497
3.44918935644437
3.624768848707741
-4.56368130871652
2.51057092775872
-0.32397684112594394
-2.980602416927681
2.0723647466906003
-0.204004321542245
0.858451638045307
-8.84935190449683
-1.31155427119398
-4.49464582312401
-3.93073319269576
-4.23553519716409
-1.49677332007733
-0.744926862234322
-3.87523163652941
-2.61609633799202
-3.05742276984908
-4.238308099788339
-1.90095380963611
-1.3666338383467298
7.61860719817545
-4.6842229125725305
0.3597025616491839
0.8718905298489201
9.17640368512702
-2.83149614774945
-0.263939248152871
0.23021204840189105
20.3161440833012
-4.557246103494969
3.2109392335543703
-5.0716549082861695
0.323853558730396
-1.01966928165366
-19.404245681330305
-5.09887671890497
-1.71708905964977
-2.30984151997575
-0.320943474661268
-0.8701519631981041
0.9696656099218428
0.569050314679992
0.13522678726081802
-2.05989112075136
0.683177539464847
-6.917597408943781
0.978471524698274
-4.16925745431827
2.92758998617548
-1.86925076656946
-1.90212121738852
-3.74950320977561
-2.20507673926493
0.0669142050359935
1.3766630191386202
7.6951310565470985
1.00302056358756
3.06976135398867
26.0930900175489
106.557497088901
-0.5442598026999821
-2.33039917259298
-4.795339271630018
-2.2057812767304905
2.6943365005405404
0.10031358668862
-6.45788604897183
-4.33398888376579
-3.73711351826626
-2.71027270801771
0.747895218191046
1.69394984271649
-4.06634350494079
-0.9225869337917352
2.91523093136456
1.10040069859298
1.2363524010767
-3.4023023214637
0.28317579709249896
-6.44118619920686
3.6697834404399705
-0.264051365737767
-1.2418607955951
-4.30849932423012
-4.9284802684205005
2.49096691650079
-1.5173530264218
-5.89830814376254
-1.81035443649195
-1.28393070363424
-5.95212325928679
0.36240918796019705
-3.65300139183973
-0.000665120972074718
