17.7718137395184
15.8828234220924
54.466851422546796
-80.2486225265477
-6.847966367665403
88.74535559567707
-31.2167266279191
-19.578698815870602
-3.86461235851779
3.22760605965413
-52.0317109100747
44.5654768242834
-48.155530651567
-77.60903785676071
-24.563349087095197
28.7754697337648
-11.1644523096842
-67.6352800090188
11.132371753629403
-22.8844071157058
-41.3121913837426
26.302595969773602
7.731864548046079
12.1131937462603
29.538679768600502
-40.085025921139895
72.5013170744384
2.69817662283582
14.130779160773402
14.279323463966598
-44.5146658322281
-43.4855045381031
82.30482606450579
6.77709719428143
41.9278300655203
23.0446292845952
43.6885901852211
-37.686953866898605
9.95468088107701
-53.4631161143392
-4.35437477056338
4.1408384178670685
-38.8347789624506
-7.692425468857309
-59.353687318781006
-23.941049879198108
21.022239141382197
-3.91625168183487
-29.080651375770696
-6.433843356824
71.90960443148579
-47.682236891252
-13.803467499574099
-25.1570891337346
22.9501453814572
83.34538922047159
46.239458008927
-62.38168801341779
34.609233392845205
114.350972981876
23.766578097011298
11.705258378840101
-17.635945690088
55.521731524165
19.0975294372982
-8.519295216432178
-7.25693085471783
-61.516715699436396
-25.191888676947602
-55.2541583924446
-35.6847997532111
-28.607780253391198
-9.911797891395473
13.4492354838938
-44.2657210627921
-13.7237512246344
21.4564375248669
53.71029329511249
-21.0839340713458
10.6934565538172
-89.48619312763559
-10.4859858689823
62.93759009942821
-47.184211490909604
-47.82638761940479
27.231848643196397
73.66639560749121
19.303587617855
-59.0330579705939
-19.212709288199502
-31.8336469381102
-39.113999081669
-59.77763241512179
4.62532768998712
-27.968715527297
98.5609822131502
-51.73233105231971
-36.7328569387856
-54.50960924480471
21.0836435614817
9.62201939419635
15.4713363025785
19.7046776948271
21.7893480040426
9.63485718148659
12.086965166513698
66.2178005682305
59.0421269216929
5.73258132651372
43.22458008365789
65.3771692373251
43.6518964591368
29.0026475371207
11.8752677868032
-70.62299480214091
-12.9856202951885
76.98636284106149
41.5886309511873
-18.1713620671988
-2.5906639685261204
-26.1980725901288
-10.7672810439677
-23.8851109203727
16.7756490414318
15.779440761054197
-4.35783479831707
-12.042896755152599
-16.3511973070291
