2.95507462876948
4.50331725107962
7.815210159248822
-14.2285525425424
-1.4098289922453895
6.558799732112499
-5.00120745458845
-4.37734073166337
-4.777368872886759
2.55105093394921
-7.997013677320981
5.48069145848002
-8.95308247294343
-12.901390305913699
-7.343533904236491
1.0219689515334
0.995115382420084
-9.60584879381627
5.15021324314518
0.4350847593428379
-6.5640938691015185
7.02828423574806
0.38510377871436896
4.01700426414805
5.28113301352922
-6.30781180038642
10.665969606009199
-1.7018957524926102
-1.81260025122664
-6.269593291166919
-7.37776906138134
-6.971996759986888
7.21044067082476
-3.9197420557581095
2.18157535244655
3.3981034824356096
3.5921008440561004
-9.66035089476931
2.88164321469909
-10.1493703290873
-1.95925667676044
2.01591554841647
-10.521954074948999
1.97737186588438
-11.7315585855118
-2.29257999891929
6.683887577863902
-1.22656146902701
-7.57070176857486
-1.49963652689968
8.983203984757269
-4.92997690692916
-0.847658261104037
-8.52037544590638
5.89895297460786
2.82664351746787
7.636746279588291
-5.38351007865118
-3.00214305587328
5.50446873135928
1.9940500170452904
7.8236190652704
0.13205070843279598
6.121089740980652
5.01349153901715
-7.44691559783969
-0.333732600619838
-11.7355755536721
-3.4464884635416
-7.5282042556118
-6.8351681548972785
-0.486942797326815
-7.20047725148607
-0.2351903775757989
-6.63586468490744
-3.7818780836330497
9.188000040453993
9.09094549801283
-6.02767447489457
10.5728840230741
-17.466537827663696
-2.8563579136129507
4.66276778593787
-4.060494369022351
-7.92479005620034
8.374508989432321
9.16859410849961
10.0346518545219
-8.80697249716186
-5.23155297292996
-7.57797846495116
-2.73049581850658
-7.214881156628419
-1.39658692810607
-1.21262371087287
18.8829426166593
-7.4322965746005085
-3.0207871750478703
-7.37101594231496
3.981591524285
5.386909621302509
1.8473380293568105
7.216794830373678
6.157522242683259
3.86524729855529
3.76782683969546
8.08252049980253
7.95546461760258
-4.553370529796349
7.66496037056299
13.680545891054301
11.634900816410198
8.077314189585769
8.162463137883613
-6.2655618726012685
-1.16090824880695
4.70369600973243
4.78169634715317
2.762966291136
14.9949443448787
-3.4301656077810496
-3.51702110057926
-0.7472633988976608
4.67757402554867
4.0643489390801
1.49557424523895
4.41699612121753
-3.58578853840668
