-2.6439477735486
-2.33053783090269
-2.79802580467506
16.2205187817482
-0.935279130725716
-1.8669554564688104
-1.42032246501075
-1.19546143375151
-3.68079435118398
-1.3986888392428702
-2.1395839077726
-1.9819735470487296
-0.388627462471327
1.62267349913927
-1.1501173850579198
-0.7369922749844691
-2.2557185922640897
2.5752392097006203
-3.386835457082709
-1.53937105014143
-0.9410284359081228
-3.03328736523656
-2.78476608713821
-0.8037220214915178
-2.6779093519405897
-1.9783099713301104
-3.4387107906245897
6.8289224949349
-1.54414812817904
-3.75701418844845
-0.680642491796739
16.672006857400802
0.0967499096489268
0.147586972851091
-3.2025816438050496
-0.8560192865455
-1.4332463900289398
1.18128057188233
-2.41383038303408
-1.10374013372735
-2.57891260177306
-1.6524515412573897
-1.2267159364191005
-1.5462528572661105
-1.44611230634101
-0.289148866668108
-2.36693002201837
-2.49977772437415
2.72827656303158
-1.87427352256166
-2.2325186622100097
-3.84095453365709
-1.5443132123201102
-0.955398116371539
-1.41460862037338
10.917635595847
-1.86229225944504
1.13008574673624
-0.854012481998506
2.90386001014768
-1.2931788349845
-0.8407228335405269
-2.86136291614641
-3.1622019854428305
0.0522737335793985
1.4834460379041
-0.00113903442574406
10.255477118105805
0.830156125214352
-0.947672392416144
-2.72963265698991
0.0956299474008719
0.6368485644791609
-1.48027781753012
0.0270475254326355
-0.651483473614901
0.8834132071061399
-2.7154802144931605
-0.394768964082719
-3.92978812626266
2.60166623305273
0.6432803915144979
-0.6762014248358621
-0.312332010914125
0.217166185122228
-2.07302164640756
-2.17504014095236
-2.208227585297509
-0.684032356532439
2.30586129344235
2.6349086297605298
10.783535592838
4.446204905135
2.42631119949304
-2.16870288032646
-0.450502252422303
0.12481622865081
-0.0830234957159716
1.99174541951714
1.55697662799503
-1.68188918613829
-0.473335361290103
-2.62631405320578
0.4720925307722779
0.217710871125572
-1.29831847035113
-2.9106758200391
-2.86462340584935
1.04193909754023
-1.3737449667214
-2.2814957881964504
-0.4457742351662129
1.33109874388442
-2.77622092591662
39.5956541348303
-1.7245339708823502
-2.41112964145566
-1.66454383121593
-3.3836531554641
-1.88219042324816
-2.00027236696496
-3.28544908991709
-2.39116771624705
-1.05356883232099
-2.51756437989783
-0.0599852744394263
15.696004437163902
-1.74799435924405
