-12.294279443501198
-10.3544420776157
-9.64838648700797
22.0685242044839
4.33171700101061
-6.786420368271822
1.7020742746536397
2.59619367922729
-1.26608886805203
-6.15835397244766
10.7070971723332
-4.34723391139645
9.15493844282357
33.1348165605505
21.7199588004637
-4.43095426196795
5.848100126198911
10.05321410751
-6.7112399473984405
-10.2091681011582
5.01257142622516
-4.96079007930028
-4.67609589410709
-4.057957758121431
-12.748489858061399
-2.3692059829109104
-11.673214251552999
12.4652812127561
0.507084483297613
-9.17396693426032
2.7678759496085297
15.3672806951124
-1.8319999831282496
17.780200617853502
-10.968476819368
-4.04749428348605
-7.49539811195795
35.5032107979159
-3.7334549088096898
-0.6341461391890101
-1.84513261902769
-2.15699393880718
15.2361338390089
-0.39640572894320897
-4.61072427726295
-3.0271499759435296
-5.46188962275543
-5.57599038572459
2.7124910420147903
-6.13683684895893
-11.06698516768
-6.35398588357138
-3.67678663555883
5.83624408031108
-0.0418296107374083
-9.24141634087745
-5.1677102684021605
6.921089231536598
9.8980691917265
-5.734808445173429
-4.18729693567191
-7.84655666153436
-3.4192884739696403
-7.76931256095238
-4.86147250805499
1.03486676886347
1.30847811933523
23.6250692214847
-8.550691705886969
9.204971782932713
-2.35322085763312
11.8382138022052
-0.415326655076469
-0.801057279811487
-1.49422213684202
5.87425851604004
-5.27682661591803
-8.12613564634817
-0.0432284321423534
-11.2402339809197
8.806784491849411
-0.47410485915528
0.328220487982603
-1.62311115314179
0.411322486313364
-11.577660003483805
-7.752697584172927
-7.38865798293409
-2.56559608723167
20.9548755603707
4.38236337617727
0.595230870987436
26.759112254021
37.932761350371706
-2.1137825771789096
-9.996603239128973
5.142654269229519
-4.12926270507666
4.59926539242244
-7.22895258389604
-1.74494947227604
4.52786470071907
-11.2308252113907
-3.85542199443638
0.678924617087944
-5.46847035406326
-12.732841965911698
-11.274051769262302
10.098431110762698
-8.582656394132611
-8.64425477930999
-5.370731291401711
2.64390210527189
-9.33113409558083
33.450640892059695
-1.8866214849684293
-6.2739815405640496
-7.25116892244449
-5.506914492477571
-6.6187552052816
-2.60089121058002
-0.0885914121697019
-6.0757091518776605
-6.9928992735359
-4.37320614442366
-2.73393131488219
9.29447938994047
-3.8716476034231
