14.7526530461446
6.919341930297789
25.0485895249997
-53.1019157060104
10.3383578505914
24.3188365436636
-23.77401440511661
-14.3634190830003
14.9815835557211
9.460875720227381
-29.1435453270402
4.86757998459486
-33.8990822461697
-22.3714207681822
-27.077635721883887
14.4040941413989
7.388496457453018
-25.822065583722
26.8870658840236
-9.65096655485425
-6.01055259852445
25.973941547034197
33.8410047078924
-7.86320138314868
37.7344734256551
-20.4700067557343
20.4398877707643
6.03108090282984
12.7831682585726
20.7778679661597
-34.4842897255302
-24.7653050433108
17.682002376999304
3.86998409185485
11.281488842672601
9.20716995627613
14.5839860069804
-16.3298167072653
14.563517815863301
-38.8919133227082
21.9771988820314
-10.854359122002599
-15.8537008092419
-5.419392492985718
8.13380231546294
-11.8973022562506
28.156335188541497
-17.2308413344891
-26.1943900490693
11.619463142558999
20.5360727851374
-15.2786918368503
-12.571574310113899
-18.976938033422197
32.2421900772935
10.0384776869131
27.643474982533693
-11.056649943175799
9.688912274666393
15.186257517459
15.2109890883421
30.4538874674793
-8.70503766160043
19.2453201412852
21.4885683443411
-31.8346952264816
-3.09256060571796
-48.236693670801
9.01177301817566
-24.59356639756649
-33.1016343838082
6.342208346183679
-15.5564902529125
-17.6493609779265
-20.8140602976172
-17.7354933559972
10.1114447824073
9.84625040802389
-4.30118071815908
13.8781155115929
-46.914015533947286
-17.873622581759
24.907379109293103
-20.5404451749952
-36.24461957073311
24.7167272758318
28.6018916101203
15.197523366925001
-63.1298946844916
-12.7605224917601
26.196555980356496
-8.66566929046999
-0.00679282561039374
-6.167147194924572
-15.8425905113057
0.91868063054909
-32.2461995528666
9.52807156723459
-18.4631739238405
4.5898838623679294
21.6373466687121
12.0431437679092
17.2548283941114
-3.67826238898048
16.5673411959181
17.459383268352898
14.788971076329599
-5.195082804753231
10.3755096880355
35.8665705244882
23.979327643369498
21.2289472806188
10.245131858849302
11.0200159033198
-44.564105990498
-0.337633148523457
-7.04824598777379
25.14561857182889
12.7349311457477
23.6851844921548
-6.78477577553486
-19.0280438052071
-12.0199218768271
10.2645661038809
8.94272487493485
19.2249615471971
-9.08094555900636
-10.5035323353371
