10.155019127040198
-2.75816344367535
-1.21650565092762
-2.35093523801899
2.40732121513271
-1.23622963413245
-1.75741250310608
-2.84483961226462
0.443912246549698
-2.0530022626746
-4.585613134226411
-1.07565925531472
-6.25013571656023
11.2349879321336
-1.2477475312156898
0.825878597859929
-2.7497292496742203
-0.756884937242571
-3.36665558051857
-1.13641424932192
-2.81745792854874
0.278811821384707
4.60177445793181
0.0863075179580123
-0.134676843141495
-3.3654085461030903
-3.04060757164638
-5.18294316599589
-0.283894639827204
18.193383008657104
-0.425837506785215
-3.92497466549493
-3.78110639570464
-4.82965928780609
-3.11162620231629
0.0917924853689919
-0.353300339358359
-1.46484566090394
1.11005669600485
-0.515201552739836
0.874090599189713
-0.0747770862087541
4.07508792271291
-2.6318027594210203
70.59209926072609
-2.1265759390789
1.11765947739928
-0.814601276186068
-3.96460829366846
-0.8372348071789129
-0.700329455832474
2.96472368106689
-1.16186479829392
-2.4561345393536897
-3.44940031836739
-1.2256258006491598
0.5918442702973089
-1.1252898919356
-4.91895291229155
-1.7623790373868702
-1.28823313601765
-0.482252975030524
-5.05776470254074
-2.53775358274996
-0.48846236103701
-0.5635190605431539
-1.89684946161194
-3.73439897517604
-4.42144859172432
-2.19027160315944
-2.7487575728170497
-1.2754695984222
0.165571010225946
-2.54343463914728
-0.928357275860572
-1.6224664904139998
0.663393079088788
0.453739843834894
-1.76310850949303
-1.4479019826496595
-1.28603603906686
-1.35255439214237
3.5336301532050403
0.7320107259459259
-0.9382196117601608
-0.246655799100496
-0.946152589332185
0.132048241014566
-0.9926083516757908
-3.29375003468621
6.1601877479704905
-2.40043927433426
3.92361625644058
-1.68648475540041
-3.47781928748881
4.36249285601684
-3.660682324720431
2.6941404028222595
4.11168511830029
2.92186583638223
-3.1378729661996
-0.33088752364768703
-0.554353906223511
0.8807797619744749
-0.277689340119058
1.37794236810184
-0.8201719984587729
5.84652919325457
3.05134467025642
2.53466576007908
0.7134497674314371
0.7287630869407711
0.37215143030673
-0.6827303468154681
-3.61241859906274
-1.41132425723667
-1.02636866032278
2.7115211291697503
-2.15020813657108
-0.296571964700215
1.40954080502833
-4.50729762259285
-4.23350044848162
-0.717659729276876
-2.2950741139724102
-0.596224772374223
-1.19707987995655
-0.139487095991534
