28.0742258713481
-7.51174255465495
-3.99722749642727
0.29266704421295003
29.006234080565505
-7.95449561247429
-2.21039649384196
-3.89082839345204
13.5086525799988
-2.86863823386643
13.944299810603699
-4.70550433707616
-3.49925763011965
-10.0971071527816
1.98847285859223
-5.0737124442053885
-0.0227825147101055
6.56851810023639
-7.68047381863741
20.2710964491222
-6.39170380298779
-6.130476090191232
28.71508938724289
3.5912313621915097
-0.6121586684893771
-8.86595908854394
-8.56690578163982
-8.501678222399331
9.33683278662713
42.081413274381106
24.3631061541761
7.65594900272221
13.1146920349751
17.8503057836858
-20.4765152836113
-11.781968793352899
5.38879527483968
6.82367913524113
6.09919054536217
-1.6304926790385903
0.8797960727534351
5.1770860214044285
2.7628103414479
-6.48499987220166
0.635002923221021
10.193688898976301
-2.74818182636325
-8.0222320982301
-3.46395070468355
-5.47690652506918
-5.69419065985281
-5.02355159277699
-2.2877110703178
-6.18302215125829
2.6182295117241803
-5.0146142602447314
-4.42379494603028
-5.42597047421224
-12.8895702863589
-5.392020378635
-8.00889498214124
-0.523788832973958
-4.63153706061515
-11.220126256189197
-8.98970948472128
3.5648730089519503
-9.49409198988963
-4.50253327624588
-2.6466218936934904
-6.26291896391274
-13.929950533603499
-15.9360313902564
-10.5555638435308
-4.658409988817018
-5.48074037210617
-8.66701205451758
4.33394907147753
-2.76441950868257
-9.7974056392984
-4.35407863537156
-13.5031892467366
9.21865496345218
2.8905170563596805
-12.7987515651409
-3.5370797139314
-14.5690445402213
-21.8907642288423
-13.7344261666429
-11.8879296440955
-4.72545599108805
14.1717957169331
-8.87401704585606
38.4563281411688
-7.856857255990289
-10.8704493710865
4.1966450051411
-7.28737105792877
3.09499095136294
32.755195109012
16.4844757459629
-17.1883280411887
25.300464475709802
-4.51975039896066
5.9093935413676
-8.027133312474989
8.26227503172413
6.771028208492299
35.3520422732441
-1.55075337406723
5.487392522379872
-10.850778268702399
-0.525744382912197
-2.82863604176192
-0.0764586551452915
32.551791610304896
-12.5023872433255
-12.379474578566198
12.076242004546001
-6.143684946027371
-18.8815926928592
-15.9501931873569
-5.94020822377123
-5.71489100222256
-4.32066125926097
-7.1171316344907405
4.83553359885557
23.115444852465306
19.7076215213936
