9.5092421742204
13.1367674656269
32.9035174757509
-107.083716343256
-4.10655805671768
13.241068414709401
-31.761711571154798
-9.21670144307339
7.76718548420933
-0.126638581688178
-10.314392948310198
-9.45376743675221
12.017746413350999
-15.010949724205403
-27.9143417067427
14.437033930327
13.3849087344672
8.72466501523239
29.261406646667105
-45.6025371648289
29.2636774015203
20.8548748192386
22.7442927779884
-9.85386009420609
45.3691366027471
-18.5094289062498
-3.01349359091411
-30.3235019750203
28.7471516684902
2.16256635499062
-40.7495349934241
-34.848645376224496
9.8857317617276
2.743217697112549
21.7790673821287
3.03763651264016
12.30046825857
-20.0045638342345
32.973747314229804
-28.770136165959002
21.3060550797688
2.57330589315593
-8.02556151532041
31.1115019688908
-64.80272554755011
31.877414562705887
34.0538807147999
1.86609735308736
-20.1370829119008
9.12956921152567
2.04027962505491
-9.06141759121504
-5.73233379982674
-21.0577252134623
40.8860942839716
-3.77996608894996
26.411339939565305
-25.5178561768039
2.82581037310735
-13.8863384707791
10.4261395894786
25.193424506445304
-15.225159066732399
22.9536456061027
-0.28947286283932105
-11.0148627064608
7.61233850468805
-66.03390095031399
23.769160799315
17.5719118312606
-8.41068029534554
4.03845889489202
16.7586724912526
-19.2480947660182
55.93522454259711
-0.0569701803584253
21.0961976491972
21.42191527519969
25.6096985368932
3.25093014805246
-56.78514769636999
-2.17046896814555
65.2932543360402
-23.045035863895198
-50.959001450694196
41.8420293499237
48.2659649066325
20.822050840633302
-105.15737162420601
4.43234310419941
36.54916793588429
-32.1807745241854
-18.793416947887
-17.8547087275189
-25.018618044798398
-24.7994330841964
-33.080471191803696
10.6307745112161
-41.42029819057071
-20.978437290371
4.98211891304637
13.3694356940263
-4.6176862527921
-20.4019583729515
22.0054160787538
32.1555223803785
-1.94851233043735
-29.928125086875202
22.0690870837099
63.7208779652065
11.579177092442901
27.4139712715339
-4.14481124017792
31.0629567619206
-86.182077855298
36.788777555492295
6.311481067965128
23.0663347279125
27.1790551169518
17.088259250864102
5.432820298230211
-31.3628470961642
9.480673139506287
19.634784196111198
27.883993608246197
23.274670204376697
-68.1898313075282
-60.3355138744526
