5.39180158744592
0.519324186297015
20.805506125563
-32.3607281978896
-4.6983637371212685
4.25648178059019
-7.2255455364232
-1.46335136627145
2.2450184418035097
16.8785429568197
-13.5822912707666
10.4693492270709
-10.570667383647999
-4.78211962554517
-7.688727725357149
2.2286264716975
-6.965326817925591
-16.3698123404802
12.6550714968207
-11.8163710113406
-0.538237858139469
6.9799422098524
11.336726626664698
4.75208516807189
9.774723043083
-5.66677368983237
16.8618630747604
2.5541568572462405
11.4006848411448
-20.311456900655106
-23.5521869380847
-9.128308700275527
-4.80735295276605
-8.21548038813882
18.4720475869046
2.28989310000753
11.0020410750522
-3.4237197038272593
19.23883013578769
-0.385566441640905
14.9063689676719
2.7468513360920204
-2.82795217172507
22.4547202872221
-40.1169296458467
12.658318100266
13.236934347156
-9.583212553000081
-9.47954496378932
17.227556658426305
6.41803799281158
-5.81741442119434
-5.581595471171559
-6.09871965320678
23.6643761347303
4.15808027040029
16.8954721711048
-2.3109468574534904
4.13550435025414
-0.8485289685247509
7.37711642778857
13.836093929576599
-7.85699838676041
9.76322201006873
6.45374180146467
-12.8561676831902
-0.693383071805304
-16.2820216069442
5.74767063903007
-11.1292858631479
-4.78778433087791
-1.35035866437203
-8.55700336123343
1.6635400349267802
-11.433632145895698
7.20889873269871
10.3092780678185
9.35734275491724
3.04594323161808
11.5225735528284
-23.4566947281357
-14.955588179544597
8.50433754278353
1.55714004012783
-18.484852775325198
3.2988040035443102
0.150085939857128
4.9126465972567095
-38.26763115908
-8.852341185951449
6.9566753241591295
-17.412432486246
-18.8552723106279
-12.763080121872099
-12.0826679786533
-13.2068816718014
-19.4085833755177
5.90314869526882
-2.50867929738736
17.9924122107038
0.124780770420151
5.73481283014867
4.84584050667382
-1.96537892433365
19.7520261899775
21.223361352323398
15.1687663833201
-13.264986903515403
-9.56709418045192
15.8217838180012
5.412511383032482
-6.985491146210983
8.68120998410111
-3.3117509966956096
-22.0687630925175
8.5882696411472
-0.437354438756396
5.997357955681943
15.9236028535274
1.53536765802726
9.862973099757367
-1.4448797968236298
-15.1634858882729
8.74803399330922
21.4329287188535
8.05660401981609
4.34961211252791
-19.8076923719149
