35.225432422792004
-12.1756872111796
-9.15960231820531
-8.09337890397712
22.2426454422963
-6.199340910252332
-10.031090307976001
-8.447571279584299
12.5519336125936
-8.31749768859694
-13.788603814694099
-8.22190504671892
-13.4805837027509
15.9300286316309
0.366376486074907
2.51874482202268
-0.8294707440387729
-4.07213712485391
-8.2262823790889
-3.04195091565878
-9.82707104473363
2.25777807786573
26.2822540356247
-11.461143046630399
3.14543585666111
-11.7750033383041
-11.3635817816657
-14.058301742657001
19.866148109629396
86.4202086640897
-5.8476275754366895
-9.876952373241027
-5.17954356675265
-6.777061749283099
-9.77529032113824
0.6531395204034139
0.6571601639745079
3.84181338427216
4.66264933275592
-5.73379794690135
7.36352914281595
-5.61700499551445
18.8193970276591
-11.3332349815118
229.118437873666
-12.9251062023772
-1.3684834499972
-2.84333590755303
-12.8025882516312
-2.20709334929827
-5.0388772637519414
29.4788003238901
-6.06055852578913
-8.434751119662499
-9.17796972772435
-5.59292302744906
-4.31130380206237
-4.473416248975282
-10.6524989913324
-10.973689181008199
-6.428319074068179
-3.69367666251864
-13.8575150779302
-9.80833603033026
-1.0356172370229202
-6.1470066263221
-8.50067474903007
-12.4907025137982
-12.2334492393154
-9.113741551909301
-13.870610883252699
-7.99630539828776
0.925464223949798
-11.4141150129109
-2.78725048072758
-9.28384314499725
-6.72156573521075
-6.00157825057629
-4.479213487368611
-7.37410252770215
1.4062209996784698
-7.78969385969172
5.7369379237299
-3.38190659575881
-9.666612413448801
-6.65499304020198
-3.42322882050628
-4.824615371456259
-2.36813400054685
-8.3648368838092
50.5758162989923
-1.76657102554683
24.911103503656307
-13.1704472014119
-8.92016919417067
1.73817611824006
-12.828983784553301
14.4578987965954
19.8951797207302
-2.08215426005168
-11.647788208085403
-3.79725202927326
-4.41481362501404
-1.05691877955573
4.82884153319666
2.7191431593619297
-11.356075711272302
7.73549266863722
10.8088221794368
12.451232380065804
0.42828390182146
0.406129798464596
-2.38901629082451
-4.7486908039939015
-14.2419877267956
-5.463484833584241
-6.45264824951647
8.58505893276354
-2.52828557606123
0.3703503609868921
6.74297557850339
-14.6409159719449
-6.179711425865428
-4.959669761702231
-12.081785317475
-1.2321551168489098
-14.7144482025073
-6.166111384817111
