15.816756281083
-6.0117820950493
-1.73252170272032
-6.572415479406612
38.61814999881421
-2.49357394284694
-7.42483528216592
-5.86952421439184
36.0831471673112
-4.8062342177714
-2.3100506744432403
-7.76162359581881
-4.19248879983497
0.8988796639536999
-5.87110728139226
-4.37805139415357
-6.5102958878026
0.5575426196590351
-0.696421328446877
1.81648711065664
-6.76773584965318
0.568121105460516
35.237422534638704
-6.55698728671489
15.8191623519682
-8.57529523017137
-6.30890060671945
-8.799738991896561
10.5768188383631
62.1139767423707
1.08865509513593
-5.9017842390178
-6.00136022350191
-4.15918040639901
-6.23548171539034
-7.082120937605442
2.0461403736775
14.664561518124799
2.65532389055323
-2.04710509202416
16.0754626256687
-2.90166343058136
11.1623369495176
-1.4890525224358502
40.6391826977073
-5.35456054622724
-3.01877315971277
-7.3567110745666815
-6.57809938453972
2.46764636921255
-7.33497924473185
1.69416820999807
-4.91793363592596
-4.54715695311955
-6.30233214050514
-4.127739002530411
-4.42444487630808
-5.800025719997491
-8.97781864822441
-5.2401873457807895
-4.3206085675693
-4.01345231955408
-5.365387514004491
-5.89182586538873
-4.33474538695566
-4.99734587246821
-5.32549511126986
-7.71008000853189
-1.90449776767369
-3.43386938396675
-8.393339475675269
-8.66341450788818
-1.71995584630333
-7.80151621842321
-6.187731474879169
-2.40039208009433
-5.06365860559747
-4.60266088249517
-7.20073727947045
-1.73736941295453
2.49284147768494
-1.18426826350783
1.33440075939697
-3.1957236484914904
-5.02081220335545
-6.3527492175292375
-6.02718112906936
-9.11407990366081
-9.762263571156119
-3.51346380805733
55.981111190591896
5.48448717686539
52.11441215451
-4.31892661670718
-7.420934403236211
-6.17692559885367
-5.5545694018812295
3.49575467445256
6.6004759353649005
-4.23488352952197
-5.712983370175822
8.80129122144453
-3.05034039313428
-2.7943315858975
2.02986828416292
2.19087235855486
-7.367165299315059
2.7637153982007905
8.95529905079573
9.92191573903326
-0.9591719220667858
-1.25385442496204
-5.23008673900269
-3.5479158395247
-3.0899497205792006
-2.98030438256988
-6.70717294242818
9.7463172340659
-6.18389457823004
-3.23679958328522
-2.18955507495132
-6.62812799126513
-5.65553600095595
-5.26034649852532
-5.725718559961388
-3.65907993249476
-8.44103234239527
-6.45637858056115
