-4.768989090180701
-11.2602962206224
-14.9612695113814
5.1018147176775095
5.00550183710388
-6.78146286482257
2.09751528903415
-2.68399687522678
-2.8114216075642995
-6.11234413505335
5.6755706934682
3.07094414166749
9.82688102426693
21.892467599189896
6.481204660771309
-11.124669233583601
-12.460720734896901
6.67537242218299
-9.78200591009977
-4.83805383773466
4.1137020991224915
1.0020301890612602
-3.38469489936173
9.971648960230018
-15.785352323581199
3.8485497554496497
-4.05489741028466
-1.7894558648034
4.27411179158601
10.371996425328199
-0.38852192947527103
14.4937434535552
-9.149787319128393
-9.648975312127961
-8.390921786208139
-4.6964492103053495
-6.4041768159722325
22.043036671770896
1.44032562066686
9.85722751773926
-2.9839214371654905
-0.288809727030215
9.359670435015
-3.4492465707654905
22.8926329325265
-1.11368945095347
-7.9525937942313
6.75967001564282
11.435014622342699
-3.39770677658626
-12.803910561614599
1.60697576974546
2.58128852405004
8.55126955664842
-9.43592416272021
-11.0313202005375
-4.64506547543205
7.58546068813348
-0.0945241258807495
-3.40853231971822
-3.46629976014191
-10.473619190702
-1.99026303189428
-9.40075454046316
-5.90749241064168
9.28948385679234
-8.14485926413834
34.6640614578756
-8.78498463292536
8.867161064361731
11.522704388646
-6.234264244193361
-0.106773310243269
8.41689225228496
-1.17897107365207
0.067495303056046
-9.03493236423921
8.137237845737571
-0.421731212478121
-2.04042495795903
10.0563107506035
3.79743989186785
10.4369747746405
17.2946460577148
2.7307635434494
-14.584673947318
-7.90342260684915
-4.38561543051946
25.4442373679808
4.6723388744012
-9.69337590817373
-1.18884012666018
6.271044369873401
19.2912245428211
0.801407914104037
-11.696158131101901
5.96075323336414
-1.83463672267585
15.6339284059466
15.832272650137401
-4.20101362178244
9.67445612121853
-11.134740447005301
-7.361124423106363
-6.66858160972583
-9.7257713680221
-11.063776245295902
-1.88731346653177
3.0577040570339
-12.6598413810535
-12.537803701832399
-9.062760899330993
3.0850195147017097
-15.886415117024601
18.215821559126198
-2.24835709957207
-3.70488616433689
-7.37397582031823
-8.02875636029147
-12.761802988137903
6.19165587528628
5.03515993521584
-11.689022197709
0.371802674089479
-6.05010731076805
-9.47753301998019
13.0175361319784
-1.97377822444087
