0.16300317494148
3.64041035677091
8.824447667755901
-20.4576453366581
1.68137089301171
8.208322611055431
-3.50318544144418
-1.8672249330531296
-0.573134740976457
6.084604033945942
-9.71696410521701
2.2356482617732403
-10.6885484038291
-16.6795970374922
-8.65937007656744
3.37302538527543
3.0030986569768
-12.9846398153104
8.62896679190036
1.76522413445492
1.18205557374549
6.0219894883428715
4.3584875786539
3.3797798494714097
9.485042611663301
-6.95491389940045
7.3091067961048
2.37120086979676
5.999281192364402
-7.1303353693402896
-9.34104059183721
-6.42810582492175
6.21920274802739
2.32566047952871
8.52541929652734
4.27895501866095
7.61589463768108
-6.35556695100657
7.77644858072825
-12.2754955293477
3.7506835318443694
-0.7889579709335749
-11.179481228176401
4.27126770091036
-14.5604563948474
-2.58038792527902
9.290535846111561
-2.12737597678086
-8.49830104474966
2.3869821508818
9.88136398357657
-8.09406537819381
2.87342896218152
-3.65323824171481
4.42003833265923
5.89936106315414
8.69634355263392
2.30235160934394
2.12989411492329
7.04104258305498
4.5564079852945305
8.5503582824034
0.6887907345655
5.666309031355191
7.77738339502125
-6.1644105945825185
5.668987782844571
-12.8925479145021
2.01010719549591
-9.740726310472779
-10.0111537819941
1.39863510148393
-11.1130758218957
-5.09298477774921
-6.11437180910694
0.0328086350019757
5.0180203042382185
4.01037731343404
0.0196291435324275
7.69289299734252
-17.432225159984
-7.0212676888288605
1.63818802373106
-7.60498536477041
-9.9636034319459
4.81851142610967
6.55221967005697
3.7557781430327295
-18.6340785425968
-1.0830583778799698
-6.22428456445855
-4.85341454085669
-3.8766138992585097
2.3040886519255297
1.7666580807123202
5.90913985353874
-12.3940092066495
-2.4227007994174303
-4.04020159658103
-0.779703086241297
7.35722416205875
-0.20066207752343
6.54504635890087
0.333704878664473
0.4014551432588211
5.21545556559086
2.6775558236886696
1.1520257559019098
-0.820236197250499
13.333188579568901
12.8110923468472
5.635267630889549
4.30877944157342
3.85765363803423
-11.2549404911174
1.6179420775383402
2.71386305234783
5.53094207289735
5.85632441392605
2.26801373862444
-0.6630867587762321
0.903227246358377
0.5656229571550191
4.74586199156587
7.673349127157
8.04610792651713
-1.35265437407927
-13.935906415023403
