-0.606652569743557
-2.46150458759448
2.8668823427350096
-13.9283035068538
46.4547042718443
-8.07938299678107
0.744666424168528
0.459896397008307
6.32171357190332
7.16078912996683
0.359113206817921
-3.23043428520741
-7.8746667758937
-4.4757492838878
-5.116973124928401
-5.51921032972901
14.2030685287699
-2.17172769423471
-3.89413706426208
10.0491774358469
-1.59912363878441
0.33587650450927803
15.042220538802097
-5.16098564837559
-3.93296288203722
-10.065739670970599
-4.82866832844002
-3.013927099452129
3.82504668973166
8.930467258905189
19.94443675231161
1.33798877203386
-0.0763840074436765
24.3245960583683
-3.39599478651411
-1.90679260387582
2.2038124845286204
12.2063150401224
6.756129056635443
-3.715296480950951
9.24247254865044
5.05680206575253
7.76190089154801
4.06462949282776
-25.8310187181669
-1.03589044167327
2.56488223605312
-20.2954370312811
-9.38285345251541
4.5706666691069815
-8.39752969594198
-15.1867513176432
-7.447749242114757
-6.9344037871390585
2.821495489693
-4.591593940382388
1.6769378298264
6.30986814735189
-2.17564333728467
-5.203101597407031
-3.42420266806654
2.02824062337048
5.75599857688277
-4.5837979301905305
-2.00943473898738
-1.9365769019873704
8.03050491181461
-7.94503068229085
-0.0127361258496425
-7.33982436457153
-14.4458716281972
-0.20934781291989105
-6.9875478963149416
-7.7456028246917406
-13.1522467799915
-2.75216808638913
-4.31975505936116
-6.58204135083366
-1.91237724925884
-7.57141469671327
-14.2089754229375
3.51245959804314
-7.87788114242814
-4.93728082283344
-1.4224786048280502
-11.265661667799597
-15.951569956597
-15.484977627177901
-24.8305899532307
0.946286154903886
33.5046194578398
-1.1777330420253602
38.721689171456596
1.17732010037487
-9.984269167884893
-7.325665848001652
-10.717515507918199
7.94242792511298
6.2172906790364815
-5.67036909081908
4.9814393211913695
9.54076711265443
5.50522437495796
-2.90357931508787
3.64508391853922
6.18534460731501
-5.01552180019967
9.76803465814127
5.02173332709536
-0.983003339096204
-3.3378270903312
-2.53480318908777
-1.8450325497039
30.024697215523897
20.2963061938942
-4.657344693944291
-11.911520771988199
8.38444704367023
-4.27492067516245
-9.050510531110213
-7.79016444426316
-2.4660969560801003
-1.3128899774466298
-7.30806683025393
-0.384044559254613
0.35697003955349793
5.71991174250674
46.23350871191871
