-4.38694793748649
-1.9283135513264
-2.6163155864164502
25.802795861448498
-2.30179922174062
-2.58999747893166
-1.9932138069975096
0.101093243833015
-4.19167435870051
-2.45845633106109
0.5654394563161079
-2.1517602580625304
-0.814676685738082
4.23344214404487
-1.67994992283024
-1.3575378684751
-0.17616962671533
-1.93528191689956
-2.8487428397276
-1.9276373789034
-2.84484243280969
-0.169902582914204
-2.19468959081301
-3.44740994439283
-0.859810198332127
-1.00428806566708
-1.1838773219138798
-0.377980610749591
-2.36353846098988
-2.8841346562351298
-2.97478375588841
0.299504526889693
-1.65632239587667
-2.97544632030625
-1.4539815041987
-2.80353677857776
-3.14940926270863
-1.16620723972446
-1.57328630787794
-1.75983977909307
-2.50224329467212
-4.480466608643759
-2.13638062842905
-0.14837847951279
-1.36033653265475
-0.664443301167293
-1.95582855716923
-3.42913129059465
0.527984508033548
-1.89700587104473
-3.1456076264032697
-4.44884825940217
-0.282869310519465
-1.59362178639396
-1.1444347301675
-1.1466435314458798
-2.17576317541605
-1.1865549379959
-3.3102812265372203
-1.02927723119111
-1.72924122105914
9.05485367566192
-2.62168235101988
-1.5331489357797
0.235907025464778
2.02894522554571
-2.2732759816048
52.227809877468395
-0.340072315946532
1.08922653061508
-3.38963464895372
-2.3871691030016096
-1.67185074957258
-3.28621239659131
-2.60159409339511
-2.95533333537137
-1.67375519717194
-2.6373984895563
-2.81796942781325
-2.02604242252209
-2.05967621080982
-1.3489525167368002
-3.261351090008
-0.6635893448985389
-3.2151471647126
-2.73236560093993
-2.58168253564298
-2.63070235438416
-1.59627615918677
-0.959740367566095
9.495071294103239
1.6035357333078502
-1.733199828126
-2.3122079291006403
-3.649520417889741
-0.964718103693566
-1.69367906815206
-0.0524408702228991
0.601137874749079
-2.27320945671668
0.0694949363666383
-1.90393589375398
-1.4528570375421102
0.44854928247181
-1.26839696025904
-1.6605350394556
-0.7891870568862671
-3.63528062683919
-0.3795265706170301
-1.7229317057628302
-1.13006276375141
-0.625668612717759
10.2350779754922
-2.95788038068971
78.862635049987
-3.2586733752074
-2.89408580509177
-0.849281248796121
-3.71605942340295
-1.97938017344438
-2.6428610403324
-1.43589738140602
-2.2764036753633903
-1.6431159332748797
-1.3128600704804598
-1.1554124291238002
23.7412524951201
-2.6207454661316603
