30.484534382107395
-12.651377894189599
-8.63777909763547
-2.01613984093437
16.4053547567312
-6.35797274324651
-6.3608783792366514
-6.10978940010785
4.7823550600995
-8.272086796341199
-9.85173473608251
-6.74498007077412
-10.5499062472675
7.002432094897901
-2.55629256419153
0.7502554215546658
-5.17006164748844
2.89504662752598
-9.30351062247181
-4.20468821790398
-2.15834852253507
0.656290552932416
12.5221712182911
-8.218130258095059
-1.6355577088960502
-10.2241386448545
-14.5257892566296
-11.0208012932129
18.1289544455742
54.26775041054751
-0.801186749824447
-8.19929072809004
-8.96424209946282
-6.7227464690049805
-11.5472258502162
-0.254091049562801
-2.1385493879181903
3.0949741323867297
0.545195749440059
1.62119309851424
5.0187494768591705
-1.62621561409607
14.3763831670545
-10.718398587910801
232.232060995708
-12.0018114639645
-2.84688915817661
-2.62494194740134
-9.20400849999738
-1.32755357726959
-8.163184985046131
23.139578449647196
-3.87163296863853
-0.59409300797899
-12.232956661891699
-8.62189039661946
-4.626861802188032
0.9618180335475592
-10.3088354572917
-13.0585342787023
-4.958363963179743
-6.46990184399361
-13.467449102622302
-12.8285796920315
-4.4629216945337005
-4.61851058729025
-8.42117003228634
-5.878570202992611
-8.644986669009139
4.69300960340767
-9.86293344097849
-2.67315002676377
2.54257408958202
-7.43110780978317
-0.334666524834047
-5.106359479133469
-5.31564847689706
-4.98041786215842
0.669024653406615
-11.8239531743515
20.6988855669255
-3.5588168199098
5.27061943414364
0.257796221855292
-3.17319911058463
-7.129633796547
-6.8999498605566005
-6.25344793556615
3.64529293127154
-5.87432617452642
36.421716218932
0.879051124227258
18.2808836379623
-13.1664140409847
-2.30754991929032
-0.113919421753277
-7.31980970727444
10.5883183284595
19.2263014250757
2.94398635959039
-9.82496758114773
1.15928079705644
-8.80568535529509
-3.02290749959308
1.90014198845072
1.15801503630763
-10.7845837586048
4.91983397728787
9.05179533487424
3.1375301903125
-2.37541865953296
-4.968660739207871
-4.08421045204243
-8.89979827198628
-7.7588056802175
-4.53006716659433
-4.680058158259111
2.6422158872859702
-4.83491747834661
-2.4221482060696204
8.504267004283001
-12.537317755896805
-4.79710003211919
-4.6021576292221775
-13.262792897472998
-2.71901679748223
-13.4824276527003
1.01826594085375
