57.9397498691405
-16.9226605383808
-10.9410038014589
-13.8270137854771
35.6041488839136
-7.83367849303587
-15.4062633603668
-19.032768924090398
49.5908831200143
-10.4123202197555
-11.547873162098501
-15.527947672216802
-13.5635731177135
17.775089794200802
-11.192810732056198
-2.52758565151588
-17.2817143216397
25.208499338709
-13.8023648513211
-7.35269003848193
-15.0486133835443
-4.19676228511683
51.0676366768384
-12.7205349905838
28.3297455545997
-17.287290869179802
-20.102786527875487
-26.5782486145005
26.672025997357203
188.86337477633998
-16.3821433540686
-18.3075304814908
-19.9116617404763
-18.9268605523602
-12.1508445688278
-13.742750834902198
0.559344234501555
-0.908347149820626
2.60102510469186
-1.13235710499274
24.3865142745088
-4.947385356502889
25.9733764616609
-12.833071642847099
266.27894178925
-16.008382813564697
-7.8954239009022595
-9.51700758989378
-15.2512235216675
0.421846439878608
-16.669935388335098
21.8545049338717
-9.62504591343623
-11.9398912665308
-21.332005130862502
-11.0389803343224
-9.764617507867053
-10.536355059961599
-21.8397810027473
-17.2656536346756
-6.85464725319453
-12.406218635373001
-24.6277132449219
-19.054550203130397
-13.986744211475301
-6.465094746092403
-19.3091273551128
-16.4289145079565
-11.5822077313727
-1.76022586711211
-17.4027848678634
-20.9518044155116
4.6808561247788205
-15.1253512581143
-5.5662967067276385
-1.46619719153935
-11.4181084600192
-4.2550187388797
-14.415247510713801
-3.05512329820748
38.7024625435448
-6.64148014226996
22.312828964906398
-3.4328383924278505
-13.179790592261698
-12.705471104486596
-17.8925773442849
-19.918297290337602
-2.51601798347312
-11.658778701711901
52.9667022975301
-4.06426616377135
27.3918833752094
-14.0296773385636
-11.0402462300103
3.80666801107968
-8.69118136807201
18.4348161955544
53.8622661033245
17.8945882132025
-15.694672717804695
27.715470949625807
-5.2353175758585975
-2.6112369462046
3.45698383457609
10.0581839528599
-18.588898101364396
43.4883076585114
18.418921704242
16.9171884437052
-5.45194136649765
-8.86614931368959
-12.558198849226
-17.3436383155331
-18.2763672729537
-8.47269554393757
-10.3798975489343
21.8485484862467
-15.673939588566599
-14.992780104958198
9.021166949025213
-18.934017456906602
-19.4781588287298
-10.291968112661399
-22.9048203694698
-8.34375872703036
-23.6747102769852
-23.3956239936337
