5.208734018471589
9.32655825725024
7.660643082643241
-30.7525291427178
-3.66285944963125
1.79782574578619
-0.0503404576631964
1.3029745350706898
-3.07683016616477
3.20690989750546
-14.3920470518574
-0.897769356172011
-12.491374615153699
-26.1473180390279
-14.672365576628199
3.0158411995107697
12.358347689132499
-15.6476979347996
8.86084491451145
-1.16097952530737
-3.42973997536191
13.051542403569998
-0.127260137042771
1.97386599471445
8.47349152165797
-3.87416252265474
12.5809556154532
-0.474544781861044
-2.43051292866575
-14.203568458752198
-12.8284811616275
-19.4491656618744
6.0444507256354205
-3.20972288105851
3.0250492351711498
7.1945852713280205
9.733023630199302
-20.583762034753498
6.51375824032464
-13.9401647858833
-6.634924110251872
-2.0834331206944703
-18.1262170317848
2.98210199270444
-24.7700187407899
-0.471013012622603
10.6452179930594
3.14138349247814
9.440620241166867
1.9221164414217
7.438085900228058
8.62562681001406
0.0345549799727481
-5.0734328403011295
9.95498460632244
0.274328385113541
6.09021788279078
-1.27479958088544
-1.32865337259789
1.6307154495233998
-0.155355586779173
10.3737617635849
3.38879221864522
5.86215987650418
5.44078037138258
-4.96305759913176
3.75839745622065
-13.219180447771802
1.67962618012973
-7.772491935252058
-7.296015725207338
1.2410306579009198
-0.849429562657189
-2.768843706322
10.336595133351999
-3.53986795485846
6.44560942962878
7.083849916415429
-1.04751585844759
6.4106004061188
-28.8320191055911
-4.67290972998871
16.1064447658954
-5.01014412414958
-9.12371362552231
15.4375856458584
19.2242967684132
18.2311830479921
-26.901656371111997
-3.48936534807864
-8.12622573205364
2.43562631521956
-4.708601540600911
-10.964314167555802
0.172171873730207
-1.09290637503489
-13.626248744408901
2.24740608563158
-13.1051448464286
-3.32515948498415
10.294894989546501
-4.73058120362333
9.65921242975045
-0.886363928663342
3.8937562893087
6.09939491848175
3.22875706147873
1.19481953299691
-2.0036996853783102
13.1749378842417
8.96199215610845
15.5594950935091
1.11908446206714
19.114637380405
-21.8267819306282
15.169207481625
4.10396945036782
2.58017385256625
10.248265541005301
24.1045335906407
1.8293534610385505
1.0347319429141502
11.307531294024301
6.15699647301476
5.75989850870747
7.17161857445033
-3.5750855391198497
-16.2741681196681
