-0.05738174005533639
0.024126651375312023
0.10417647184833848
0.01563535402003636
0.05171000560539408
0.025793313897755108
0.012734128443309612
-0.027745642621170304
0.005824672435767696
-0.0009156482990695448
0.003899267771708632
0.037404219994252905
-0.02614614636613929
-0.04102735973112257
0.012380865581471629
0.008451562359393594
-0.007564059884386139
0.0009039655078296426
-0.008434597177201172
0.0022349460942305693
0.020887402913335712
0.01109200514054548
0.0499533555069754
-0.07724558633256526
-0.004396738287908271
-0.03707324580288584
0.025154684262037444
-0.04077147677511822
-0.013243157890669488
0.058520421634101386
-0.01668424503818709
-0.020861755255088325
-0.0142958965568575
-0.008118595204589294
0.02224534185995365
-0.022654181708784492
-0.006842620893264095
-0.028914929995733613
-0.019991943852179502
-0.052350673766253054
-0.035728379237314666
-0.0017950359286185852
-0.029093739816525032
0.049944874901388506
0.008316219723360406
0.008856336955698586
0.013129010337545748
-0.051319692194291014
0.01731551921941409
0.030128937237650626
0.03245137513824687
0.03388381070293305
-0.020271006734339903
-0.017834683684943498
-0.005076676356818875
-0.02796957743298613
-0.0410823322680561
0.4130884674117256
0.04369376326142811
0.021771227911186103
-0.06349652378637757
0.09322477072030468
-0.05332380415524336
-0.03368606618185805
0.07362878080596949
0.05947246172981727
0.04644369081975672
-0.04216900737202504
0.029724434403331976
-0.003057601712279201
-0.008322247093651702
0.02325431573530969
-0.017326658698091857
-0.07510023927608935
-0.06425581019162024
0.002669892415370183
-0.024099274631408027
-0.012132165628837809
0.07590867132306403
-0.022044161848588484
-0.026661746260740703
-0.037068370634594006
7.564768628753882e-05
0.012039499936200423
-0.0011263557490555735
-0.006504927413649629
-0.019137021865960016
0.003032036746422044
0.02806991140049124
-0.01870078827228492
-0.0010323029591064667
-0.022919229847097242
0.0015235832330759776
-0.01820999560439664
-0.038446316751929235
-0.009983243850872018
-0.00820210442395073
0.0008754460023047692
-0.008802872876052137
0.022238117418363457
0.018320419944955042
-0.005342314188552556
