0.2004539807982244
-0.7575512415575618
-0.10528393593270292
1.0294009106223356
-0.06676311287017267
-0.08420947071652217
0.7568058332464931
-0.5970010603406779
0.18579284174105
-0.3917007315952272
0.0214957267227276
0.08320142732751101
0.06647972105801081
-0.4207591159033428
-0.052855028126091774
0.3139892304127612
0.2716133400451053
0.01581435718197799
-0.2059768035626304
0.2563581817260454
-0.4177482445939842
-0.5415374502234211
0.20136244549026028
1.2158581863080773
0.2299849123898668
0.6046533241311334
0.6036954913926973
0.4041713272873588
0.13643774529675626
-0.6319706776969491
-0.01273040963614136
-0.08516156211816339
0.3803252668762882
0.09297664032497988
0.11928020990604615
-0.4598547545923255
-0.4690224325729155
0.3748322102929595
-0.248669711542731
-0.0010453544846829033
-0.3736159975294031
-0.3961904760244508
0.26820648458663765
0.058090558760119926
-0.1953789812431133
0.5076430487764094
0.013138966294006238
0.7153874062512111
0.16618341700509065
0.2336780102077203
-0.2262106719284871
-0.04825231725995982
-0.03224235161409128
-0.09998784583199384
-0.37744155153924197
0.391890953069729
0.2115829721615361
-0.4161330738073569
0.3749715045975499
-0.4255894655991872
-0.19789583805622168
0.4828804584245541
-0.03077090350605793
-0.4164036986621138
0.3011285045436134
-0.02889330021916425
0.2331547441739805
-0.3305787637375781
-0.0797949458186551
0.15767091091801433
-0.3257505687802018
0.1600107471606078
0.03884353961990072
0.16644046099289111
-0.3614192392236744
0.03893337341985692
-0.024109876786093658
-0.4936114557844009
-0.6945680063573438
-0.2199919300185056
0.002718058182575423
-0.3397760549117965
0.09966099701465314
-0.4684461302472176
-0.4820932467134806
0.12272236530583402
-0.09183674341784707
0.5733628023048927
-0.003103885737658185
0.15544122488620182
-0.0015481915015698178
0.012779000209921064
0.6479391848190481
-0.9997301523747979
-0.23880370676668705
-0.0016846803206833627
-0.13682477981661734
-0.019686103100408303
0.052425331462343294
0.02539179117722456
-0.22784152075319586
0.33321419004569464
-0.2745226968287451
0.3619287666183979
0.34580978584440825
-0.15280928722284104
0.3088882303780842
-0.15992488279557324
0.15148864314401278
0.0625979848456053
