-0.0349749055092841
-0.01892484619308643
0.033453757751135814
-0.0888671896638211
0.0845467217464671
0.01392475007172407
-0.004792864151723024
0.007780297283860475
-0.04262317339477747
-0.045314493806619664
-0.003269968484966364
0.035920654387899896
-0.008086112605984894
-0.042587261272321805
0.0898417774123739
-0.012356717010403938
-0.03467754814382897
0.0046913374007894176
-0.01968365520569509
-0.05403927564946623
0.02550120461255289
-0.000341757173649683
0.051530229561062985
0.008146697449141479
0.014052956603295272
-0.05033653347865462
-0.001801130891035882
0.00909566768582014
-0.030967389038156337
0.012568430352693921
0.003722456150746553
-0.005067784572489381
0.04644039961746739
-0.011088069500916913
-0.010149585077291884
-0.01817443081594661
-0.020224590112871785
-0.030440779125317268
0.0037039790633989905
-0.09036342989474498
-0.0385218478490852
-0.04933087122922726
-0.03890845016163967
-0.08407692960865372
-0.05342802302485729
-0.050001853589072366
-0.04594400975004058
0.044104695815819175
-0.018601796482200908
0.025418814204817564
-0.008537551184630579
0.07692885325001908
0.03980556628774143
0.05868112057775226
-0.049598585868596785
0.04355856241468052
0.3797926585718453
0.05790232012995077
0.0495198157973607
-0.04934096297670913
0.05975046890826888
-0.0751633574729476
-0.06686890682261491
0.4853323134477062
0.0022596858021619315
-0.04424925056908144
-0.016024604021705732
0.013011476393105764
-0.02448442674974388
0.03757694711512655
0.04776321212521541
-0.013540368965525629
0.19355636830735554
-0.030081164394759493
0.02782008805758253
-0.008787615577455492
0.049115929440653364
0.02022642036125752
-0.023159778186970258
-0.04105472346233496
-0.013404864197849793
-6.240401970103449e-05
0.03476748961807116
-0.0047784274681431285
0.026935284956000536
-0.07559719199267903
0.0007402737036477369
0.023593890364116854
-0.05993825540852062
-0.05958143566134076
-0.04892566613030906
-0.031466609809127404
0.01928744292633857
0.006492832404995194
0.001339016277459748
0.05715065068510941
0.02761233293497685
0.008250011281792062
-0.041968391000560885
0.022163363429833
0.024850305502120258
