0.0014577715994712748
-0.01713292490910943
-0.02913935009581417
0.019285803417516845
-0.042838006131428005
0.057645262271255986
-0.010621619120729424
-0.04331316186987573
0.021868754405862074
-0.1043231259066602
-0.0341307411562732
-0.01929079327513427
-0.06357630006905307
0.02546806278832657
0.02217370663913017
0.009019372305145296
0.03212014835989292
-0.0054703242687600545
0.00020285012646556466
-0.029125951973739326
0.0006606098818901227
-0.006519994258020308
0.0058359455347329605
0.05421559742427014
0.042600679504890375
-0.02668686808608932
-0.01312607794417972
-0.02685920480793257
-0.030967389038156337
0.012568430352693921
0.003722456150746553
-0.005067784572489381
0.04644039961746739
-0.011088069500916913
-0.010149585077291884
-0.01817443081594661
-0.020224590112871785
-0.030440779125317268
0.0037039790633989905
-0.09036342989474498
-0.0385218478490852
-0.04933087122922726
-0.03890845016163967
-0.08407692960865372
-0.05342802302485729
-0.050001853589072366
-0.04594400975004058
0.044104695815819175
-0.018601796482200908
0.025418814204817564
-0.008537551184630579
0.07692885325001908
0.03980556628774143
0.05868112057775226
-0.049598585868596785
0.04355856241468052
0.3797926585718453
0.05790232012995077
0.0495198157973607
-0.04934096297670913
0.05975046890826888
-0.0751633574729476
-0.06686890682261491
0.4853323134477062
0.0022596858021619315
-0.04424925056908144
-0.016024604021705732
0.013011476393105764
-0.02448442674974388
0.03757694711512655
0.04776321212521541
-0.013540368965525629
0.19355636830735554
-0.030081164394759493
0.02782008805758253
-0.008787615577455492
0.049115929440653364
0.02022642036125752
-0.023159778186970258
-0.04105472346233496
-0.013404864197849793
-6.240401970103449e-05
0.03476748961807116
-0.0047784274681431285
0.026935284956000536
-0.07559719199267903
0.0007402737036477369
0.023593890364116854
-0.05993825540852062
-0.05958143566134076
-0.04892566613030906
-0.031466609809127404
0.01928744292633857
0.006492832404995194
0.001339016277459748
0.05715065068510941
0.02761233293497685
0.008250011281792062
-0.041968391000560885
0.022163363429833
0.024850305502120258
