-0.05738174005533639
0.024126651375312023
0.10417647184833848
0.01563535402003636
0.05171000560539408
0.025793313897755108
0.012734128443309612
-0.027745642621170304
0.005824672435767696
-0.0009156482990695448
0.003899267771708632
0.037404219994252905
-0.02614614636613929
-0.04102735973112257
0.012380865581471629
0.008451562359393594
-0.007564059884386139
0.0009039655078296426
-0.008434597177201172
0.0022349460942305693
0.020887402913335712
0.01109200514054548
0.0499533555069754
-0.07724558633256526
-0.004396738287908271
-0.03707324580288584
0.025154684262037444
-0.04077147677511822
-0.013243157890669488
0.058520421634101386
-0.01668424503818709
-0.020861755255088325
-0.0142958965568575
-0.008118595204589294
0.02224534185995365
-0.022654181708784492
-0.006842620893264095
-0.028914929995733613
-0.019991943852179502
-0.052350673766253054
-0.035728379237314666
-0.0017950359286185852
-0.029093739816525032
0.049944874901388506
0.008316219723360406
0.008856336955698586
0.013129010337545748
-0.051319692194291014
0.01731551921941409
0.030128937237650626
0.03245137513824687
0.03388381070293305
-0.020271006734339903
-0.017834683684943498
-0.005076676356818875
-0.02796957743298613
-0.017886127761008896
-0.030103616132434056
-0.027864577227855555
0.0746786451000395
-0.034561133714918105
-0.003818526674757953
0.00420158970392772
-0.04128177442415607
-0.018230324520190255
0.01780045411258292
0.0052114994780624105
-0.05980761505540087
-0.03178176213656945
-0.03935401373988205
-0.013536819980197573
-0.033909811257831414
-0.02293439036264253
-0.006078147733585126
-0.018067676399596232
0.022575630179672013
0.0748100797789093
-0.025323915877637083
-0.005126625642574389
0.04205673537953626
0.058846370472799586
0.006175684388444807
-0.017889254939174967
0.002669892415370183
-0.024099274631408027
-0.012132165628837809
0.07590867132306403
-0.022044161848588484
-0.026661746260740703
-0.037068370634594006
7.564768628753882e-05
0.012039499936200423
-0.0011263557490555735
-0.006504927413649629
-0.019137021865960016
0.003032036746422044
0.02806991140049124
-0.01870078827228492
-0.0010323029591064667
-0.022919229847097242
0.0015235832330759776
-0.01820999560439664
-0.038446316751929235
-0.009983243850872018
-0.00820210442395073
0.0008754460023047692
-0.008802872876052137
0.022238117418363457
0.018320419944955042
-0.005342314188552556
