-0.013155027095703334
-0.023481411231510627
0.00613639461927866
-0.004783643411546301
0.0005674299228329571
0.0017929091494152218
-0.007551070324734273
-0.020781981348646717
0.017432699515836127
-0.0573792110807964
-0.02744123682930125
-0.05833991814157673
-0.022060405698398063
-0.03615148542837026
-0.024651691520345933
0.02629622918902477
0.019101439484956958
0.007425357461096666
0.03676031439302058
-0.03339464256532136
0.006774132047444566
0.010304017434546932
0.00562356395063933
0.03301357099366245
-0.011600216337248536
-0.012536695319735242
-0.00013276043799610032
-0.0306167890251326
0.009871579609303016
0.004264334084050327
-0.028887289861924362
-3.094924265385074e-06
-0.02640061387085456
0.015911209292624483
-0.03085874909729423
-0.03762077512910461
0.006545919317792947
-0.007242433310027959
-0.010681959517165857
-0.02529431695202328
-0.032049609462167984
0.013556808572083572
-0.011901138043131856
-0.025743785126811698
-0.024715286399201872
-0.004878304601837233
0.0023919541607830275
-0.014976499381098
-0.003809634087505503
-0.01287643260897977
0.036117836987511566
0.06611625033732257
0.0076149199580426786
0.019741173028534
-0.02113155019615606
0.03742756616739818
0.3593492604792108
0.015142577941926529
0.01850012790587094
-0.04391205870596319
0.06902563958425552
-0.03255493997749428
-0.040138990067238985
0.06799127307670033
-0.013489599497672408
0.05344391772488808
0.0008502548763595491
0.06047225083904609
-0.03245629261810334
0.012458842514311437
0.05505033999330651
-0.016315393104486136
-0.06656284102109136
-0.07485354324603706
0.019465321781469543
-0.015793391476408573
-0.039468623897678114
0.0012679340951997735
0.015573450920276953
0.024096898815801387
0.006152800160743294
2.395726860271452e-05
0.0013060752847095095
0.021671551451910458
-0.007466920613028341
-0.02561735485020944
0.0017655675165732852
0.0067741262986100465
-0.03230386178386067
-0.020122157215414098
-0.027923974594221482
0.0062843436543090075
0.013560411042550388
-0.005510956548605866
0.01959248508020172
0.05289345353703653
0.0018113329943943786
-0.01157753663906968
0.012050265367385885
-0.02185207140274352
-0.00195236720883818
