CHROM	GeneStart	GeneEnd	TargetID	Zscore	Pvalue
1	196621008	196716634	ENSG00000000971.11	1.223167536038653	0.22126642446712808
1	24683489	24743424	ENSG00000001460.13	-0.8172320440279582	0.41379583343006565
1	24745781	24799466	ENSG00000001461.12	-0.7907844798749523	0.4290697681323301
1	23345941	23410182	ENSG00000004487.11	-1.1940488871961958	0.23245884533650163
1	24104895	24114722	ENSG00000057757.5	-1.4144130293919734	0.15724066668604098
1	111743393	111786062	ENSG00000064886.9	-0.03113104028847665	0.9751650350900958
1	22379120	22419437	ENSG00000070831.11	-0.16805970229570566	0.8665363112861143
1	24018269	24022915	ENSG00000142676.8	-1.0298634568594436	0.30307410719289873
1	113243728	113250056	ENSG00000155366.12	-0.007994997492753581	0.9936209828947262
