chr	rs	ps	n_miss	b	beta	gamma
1.0	1:197126649:G:A	197126649	0	-6.216973e-03	-1.258268e-04	1
1.0	1:197127041:CA:C	197127041	0	-4.291692e-03	-8.737438e-05	1
1.0	1:197127491:A:C	197127491	0	-9.610603e-03	-1.956232e-04	1
1.0	1:197127578:A:G	197127578	0	3.948097e-03	8.004805e-05	1
1.0	1:197128358:T:C	197128358	0	4.344853e-03	8.925786e-05	1
1.0	1:197128726:G:A	197128726	0	-9.054026e-03	-1.838663e-04	1
1.0	1:197129597:G:A	197129597	0	4.344853e-03	8.925786e-05	1
1.0	1:197129981:C:T	197129981	0	-9.054026e-03	-1.838663e-04	1
1.0	1:197130577:T:TTTGTTAAATATTA	197130577	0	-4.025061e-03	-8.186802e-05	1
1.0	1:197130742:G:GAAGT	197130742	0	-4.641257e-03	-9.453017e-05	1
1.0	1:197130983:A:T	197130983	0	8.960156e-05	1.836130e-06	1
1.0	1:197131374:G:A	197131374	0	-1.581334e-03	-3.116857e-05	1
1.0	1:197131655:T:C	197131655	0	-4.114437e-03	-8.369345e-05	1
1.0	1:197131701:G:A	197131701	0	-2.802870e-03	-5.518599e-05	1
1.0	1:197131790:C:G	197131790	0	-2.426194e-03	-4.780138e-05	1
1.0	1:197132378:G:A	197132378	0	-4.641257e-03	-9.453016e-05	1
1.0	1:197134567:G:A	197134567	0	-2.615476e-03	-5.353031e-05	1
1.0	1:197134657:G:A	197134657	0	-2.753082e-03	-5.420368e-05	1
1.0	1:197134909:A:T	197134909	0	-8.292608e-04	-1.701930e-05	1
1.0	1:197135226:C:T	197135226	0	-2.382440e-03	-4.871598e-05	1
1.0	1:197135466:C:A	197135466	0	-1.063514e-04	-2.121066e-06	1
1.0	1:197135643:C:T	197135643	0	-2.730490e-03	-5.382031e-05	1
1.0	1:197136645:T:C	197136645	0	-3.255000e-03	-6.610242e-05	1
1.0	1:197136779:T:TA	197136779	0	-8.217359e-04	-1.685679e-05	1
1.0	1:197137448:C:T	197137448	0	-5.250718e-03	-1.070190e-04	1
1.0	1:197137753:A:G	197137753	0	-1.606709e-03	-3.162853e-05	1
1.0	1:197139390:C:CT	197139390	0	-3.900204e-03	-7.935827e-05	1
1.0	1:197141243:A:C	197141243	0	-6.095068e-03	-1.245505e-04	1
1.0	1:197141251:C:A	197141251	0	-1.694024e-03	-3.477908e-05	1
1.0	1:197141253:A:C	197141253	0	-8.279250e-03	-1.687566e-04	1
1.0	1:197141261:A:G	197141261	0	9.376809e-03	1.947562e-04	1
1.0	1:197141956:T:C	197141956	0	-3.965992e-03	-7.817298e-05	1
1.0	1:197141988:G:T	197141988	0	1.003645e-02	2.023952e-04	1
1.0	1:197143246:G:A	197143246	0	-2.802870e-03	-5.518591e-05	1
1.0	1:197143278:C:T	197143278	0	-3.255000e-03	-6.610241e-05	1
1.0	1:197143279:A:C	197143279	0	-3.255000e-03	-6.610241e-05	1
1.0	1:197143618:G:A	197143618	0	3.802579e-03	7.742543e-05	1
1.0	1:197144383:T:G	197144383	0	-3.791333e-03	-7.710375e-05	1
1.0	1:197145382:C:G	197145382	0	-3.282985e-03	-6.667688e-05	1
1.0	1:197145413:T:C	197145413	0	-2.626930e-03	-5.171320e-05	1
1.0	1:197145999:C:A	197145999	0	-2.752641e-03	-5.419489e-05	1
1.0	1:197146144:A:C	197146144	0	3.646608e-03	7.420296e-05	1
1.0	1:197147471:A:C	197147471	0	-3.296531e-03	-6.495927e-05	1
1.0	1:197147800:T:A	197147800	0	-1.439183e-03	-2.830562e-05	1
1.0	1:197148577:T:C	197148577	0	-2.987006e-03	-5.883342e-05	1
1.0	1:197148599:T:C	197148599	0	-3.994930e-03	-8.125019e-05	1
1.0	1:197148761:T:C	197148761	0	-3.781821e-03	-7.688809e-05	1
1.0	1:197150638:A:G	197150638	0	-3.781821e-03	-7.688808e-05	1
1.0	1:197150731:A:G	197150731	0	-2.571100e-03	-5.269435e-05	1
1.0	1:197151246:C:T	197151246	0	-3.255000e-03	-6.610239e-05	1
1.0	1:197151459:TAAC:T	197151459	0	9.862175e-03	1.988102e-04	1
1.0	1:197151626:C:CA	197151626	0	3.652133e-04	7.154290e-06	1
1.0	1:197151712:G:A	197151712	0	-3.321412e-03	-6.812603e-05	1
1.0	1:197151776:C:T	197151776	0	9.091948e-04	1.862410e-05	1
1.0	1:197152149:A:C	197152149	0	-3.781821e-03	-7.688808e-05	1
1.0	1:197153188:A:G	197153188	0	-3.781821e-03	-7.688808e-05	1
1.0	1:197153767:T:C	197153767	0	-9.188689e-03	-1.871969e-04	1
1.0	1:197154837:C:A	197154837	0	-3.148649e-03	-6.205375e-05	1
1.0	1:197155021:A:G	197155021	0	-1.063514e-04	-2.121157e-06	1
1.0	1:197155786:G:T	197155786	0	-3.714779e-03	-7.319518e-05	1
1.0	1:197155951:G:T	197155951	0	-6.980866e-03	-1.415913e-04	1
1.0	1:197156055:C:T	197156055	0	7.109917e-04	1.394860e-05	1
1.0	1:197157894:T:A	197157894	0	9.765018e-03	1.967120e-04	1
1.0	1:197158599:C:T	197158599	0	9.765018e-03	1.967120e-04	1
1.0	1:197159112:C:G	197159112	0	-3.255000e-03	-6.610238e-05	1
1.0	1:197159347:G:A	197159347	0	-9.054026e-03	-1.838664e-04	1
1.0	1:197160315:C:T	197160315	0	-3.787561e-03	-7.468549e-05	1
1.0	1:197160338:C:T	197160338	0	3.652133e-04	7.154243e-06	1
1.0	1:197161212:T:G	197161212	0	-3.255000e-03	-6.610238e-05	1
1.0	1:197161428:T:C	197161428	0	-3.781821e-03	-7.688807e-05	1
1.0	1:197162552:T:C	197162552	0	1.651492e-04	3.388443e-06	1
1.0	1:197162563:A:C	197162563	0	1.291057e-03	2.578911e-05	1
1.0	1:197163928:A:T	197163928	0	1.454778e-03	2.905453e-05	1
1.0	1:197165014:G:A	197165014	0	1.445735e-03	2.887733e-05	1
1.0	1:197165186:C:T	197165186	0	-3.781821e-03	-7.688807e-05	1
1.0	1:197165267:G:A	197165267	0	2.445885e-03	4.856621e-05	1
1.0	1:197165712:C:T	197165712	0	1.332231e-03	2.647038e-05	1
1.0	1:197166052:G:C	197166052	0	-8.975609e-03	-1.804841e-04	1
1.0	1:197166080:T:TC	197166080	0	-3.247964e-03	-6.587496e-05	1
1.0	1:197166386:T:A	197166386	0	-1.115824e-03	-2.263030e-05	1
1.0	1:197167465:C:T	197167465	0	-2.859916e-03	-5.734520e-05	1
1.0	1:197170027:A:G	197170027	0	-2.052910e-03	-4.074296e-05	1
1.0	1:197170552:TGA:T	197170552	0	-3.247964e-03	-6.587495e-05	1
1.0	1:197171088:A:G	197171088	0	9.129353e-04	1.873849e-05	1
1.0	1:197174647:T:C	197174647	0	8.027106e-03	1.627228e-04	1
1.0	1:197175214:G:A	197175214	0	-9.711891e-03	-1.956642e-04	1
1.0	1:197175487:G:A	197175487	0	-1.982439e-03	-4.076923e-05	1
1.0	1:197176159:T:C	197176159	0	-9.628991e-03	-1.941348e-04	1
1.0	1:197176169:G:T	197176169	0	-3.066330e-04	-6.122670e-06	1
1.0	1:197176370:A:G	197176370	0	-1.205335e-03	-2.475262e-05	1
1.0	1:197176536:C:T	197176536	0	-2.380813e-03	-4.727677e-05	1
1.0	1:197177632:A:G	197177632	0	8.027106e-03	1.627228e-04	1
1.0	1:197177787:T:G	197177787	0	-9.681432e-03	-1.950288e-04	1
1.0	1:197178538:C:T	197178538	0	-1.205335e-03	-2.475262e-05	1
1.0	1:197178620:C:T	197178620	0	-1.926827e-03	-3.818469e-05	1
1.0	1:197179710:C:T	197179710	0	-2.453648e-03	-4.864168e-05	1
1.0	1:197179795:A:C	197179795	0	-7.943156e-04	-1.584434e-05	1
1.0	1:197180369:A:T	197180369	0	7.674610e-03	1.543239e-04	1
1.0	1:197180924:G:A	197180924	0	-2.158066e-03	-4.327281e-05	1
1.0	1:197180938:A:AT	197180938	0	-2.676605e-03	-5.319128e-05	1
1.0	1:197181320:G:T	197181320	0	-1.055048e-02	-2.133055e-04	1
1.0	1:197181860:A:G	197181860	0	7.605707e-03	1.529112e-04	1
1.0	1:197181988:C:T	197181988	0	9.129353e-04	1.873849e-05	1
1.0	1:197183656:G:A	197183656	0	-9.681432e-03	-1.950287e-04	1
1.0	1:197183788:T:TA	197183788	0	-2.764946e-03	-5.642539e-05	1
1.0	1:197184935:C:T	197184935	0	-1.492019e-03	-3.062824e-05	1
1.0	1:197185649:C:T	197185649	0	-1.949504e-03	-3.863930e-05	1
1.0	1:197186321:T:C	197186321	0	8.435873e-04	1.732092e-05	1
1.0	1:197186449:A:G	197186449	0	9.414226e-03	1.955554e-04	1
1.0	1:197187605:C:T	197187605	0	-2.453648e-03	-4.864166e-05	1
1.0	1:197187779:C:T	197187779	0	-3.247964e-03	-6.587493e-05	1
1.0	1:197187956:G:A	197187956	0	7.774299e-03	1.566462e-04	1
1.0	1:197188664:A:G	197188664	0	-3.247964e-03	-6.587493e-05	1
1.0	1:197188908:T:C	197188908	0	-3.247964e-03	-6.587493e-05	1
1.0	1:197189447:T:C	197189447	0	-1.926827e-03	-3.818466e-05	1
1.0	1:197189827:C:T	197189827	0	4.344853e-03	8.925789e-05	1
1.0	1:197190675:A:C	197190675	0	-7.943156e-04	-1.584435e-05	1
1.0	1:197191330:A:C	197191330	0	9.129353e-04	1.873849e-05	1
1.0	1:197192913:A:G	197192913	0	7.754605e-03	1.559361e-04	1
1.0	1:197192918:T:C	197192918	0	-7.943156e-04	-1.584435e-05	1
1.0	1:197193645:T:G	197193645	0	-1.147388e-03	-2.356798e-05	1
1.0	1:197194270:T:G	197194270	0	9.129353e-04	1.873849e-05	1
1.0	1:197194271:C:A	197194271	0	9.129353e-04	1.873849e-05	1
1.0	1:197194500:A:T	197194500	0	1.179070e-03	2.421462e-05	1
1.0	1:197195061:G:A	197195061	0	-7.943156e-04	-1.584434e-05	1
1.0	1:197195279:T:C	197195279	0	-7.943156e-04	-1.584434e-05	1
1.0	1:197195650:C:T	197195650	0	-2.453648e-03	-4.864166e-05	1
1.0	1:197197644:A:G	197197644	0	-3.247964e-03	-6.587493e-05	1
1.0	1:197197708:A:G	197197708	0	-4.649415e-03	-9.360942e-05	1
1.0	1:197198217:C:T	197198217	0	-5.579737e-03	-1.142723e-04	1
1.0	1:197198425:C:T	197198425	0	5.179709e-03	1.061578e-04	1
1.0	1:197198558:T:C	197198558	0	-3.247964e-03	-6.587492e-05	1
1.0	1:197198563:C:A	197198563	0	-3.247964e-03	-6.587492e-05	1
1.0	1:197198733:C:T	197198733	0	-2.453648e-03	-4.864165e-05	1
1.0	1:197199434:T:G	197199434	0	7.754605e-03	1.559361e-04	1
1.0	1:197201223:G:A	197201223	0	1.488561e-04	3.048514e-06	1
1.0	1:197201796:C:A	197201796	0	-9.681432e-03	-1.950287e-04	1
1.0	1:197201860:G:A	197201860	0	-4.387977e-03	-9.015643e-05	1
1.0	1:197204142:A:G	197204142	0	2.064978e-03	4.237470e-05	1
1.0	1:197207605:A:G	197207605	0	-2.973766e-04	-5.920374e-06	1
1.0	1:197207702:G:A	197207702	0	-1.559403e-04	-3.203031e-06	1
1.0	1:197208161:CT:C	197208161	0	-2.650740e-04	-5.274953e-06	1
1.0	1:197210017:A:G	197210017	0	-2.973766e-04	-5.920371e-06	1
1.0	1:197210208:T:C	197210208	0	-8.867693e-03	-1.780034e-04	1
1.0	1:197210990:A:G	197210990	0	1.032378e-03	2.066923e-05	1
1.0	1:197211719:T:C	197211719	0	-1.262462e-03	-2.593491e-05	1
1.0	1:197211977:C:T	197211977	0	-2.594066e-04	-5.161764e-06	1
1.0	1:197214088:A:G	197214088	0	-9.681432e-03	-1.950287e-04	1
1.0	1:197214777:T:G	197214777	0	-2.973766e-04	-5.920377e-06	1
1.0	1:197215176:G:A	197215176	0	-2.973766e-04	-5.920376e-06	1
1.0	1:197215673:T:C	197215673	0	-2.973766e-04	-5.920374e-06	1
1.0	1:197216219:C:T	197216219	0	-9.415522e-03	-1.895088e-04	1
1.0	1:197216632:A:G	197216632	0	-2.751025e-03	-5.578467e-05	1
1.0	1:197216681:G:A	197216681	0	7.754605e-03	1.559361e-04	1
1.0	1:197216966:T:C	197216966	0	-9.681432e-03	-1.950286e-04	1
1.0	1:197217206:T:G	197217206	0	4.352038e-03	8.928562e-05	1
1.0	1:197217327:T:C	197217327	0	4.352038e-03	8.928562e-05	1
1.0	1:197218051:G:A	197218051	0	-3.132893e-03	-6.359145e-05	1
1.0	1:197218422:C:T	197218422	0	9.414226e-03	1.955554e-04	1
1.0	1:197218799:A:G	197218799	0	2.511350e-04	5.036026e-06	1
1.0	1:197219127:T:C	197219127	0	7.601655e-03	1.528277e-04	1
1.0	1:197219577:C:G	197219577	0	-1.942200e-03	-3.984726e-05	1
1.0	1:197220598:A:T	197220598	0	-2.774693e-03	-5.626863e-05	1
1.0	1:197221248:C:T	197221248	0	1.295298e-03	2.593067e-05	1
1.0	1:197221406:T:C	197221406	0	-2.204861e-03	-4.378423e-05	1
1.0	1:197221904:A:G	197221904	0	-3.183096e-03	-6.464546e-05	1
1.0	1:197223447:A:G	197223447	0	3.191723e-03	6.547890e-05	1
1.0	1:197224759:G:A	197224759	0	-1.205335e-03	-2.475261e-05	1
1.0	1:197226009:T:C	197226009	0	-2.250560e-03	-4.462658e-05	1
1.0	1:197226274:G:A	197226274	0	7.754605e-03	1.559361e-04	1
1.0	1:197227033:G:A	197227033	0	-2.973766e-04	-5.920373e-06	1
1.0	1:197228399:G:A	197228399	0	-3.238558e-03	-6.459129e-05	1
1.0	1:197229346:A:AAC	197229346	0	5.676648e-03	1.165186e-04	1
1.0	1:197231811:C:G	197231811	0	-1.031505e-02	-2.084987e-04	1
1.0	1:197232058:G:A	197232058	0	9.129353e-04	1.873850e-05	1
1.0	1:197232855:G:A	197232855	0	-5.830752e-04	-1.162505e-05	1
1.0	1:197233086:A:G	197233086	0	-5.511308e-04	-1.098806e-05	1
1.0	1:197233413:A:G	197233413	0	-2.973766e-04	-5.920370e-06	1
1.0	1:197235524:C:A	197235524	0	-2.066857e-03	-4.097026e-05	1
1.0	1:197235697:A:C	197235697	0	-1.926827e-03	-3.818463e-05	1
1.0	1:197235926:C:T	197235926	0	-2.973766e-04	-5.920374e-06	1
1.0	1:197237937:G:A	197237937	0	-1.002044e-02	-2.022111e-04	1
1.0	1:197238736:G:A	197238736	0	-1.002044e-02	-2.022110e-04	1
1.0	1:197238849:C:G	197238849	0	-2.973766e-04	-5.920385e-06	1
1.0	1:197240482:G:A	197240482	0	-5.481848e-04	-1.092771e-05	1
1.0	1:197240501:C:G	197240501	0	2.064978e-03	4.237471e-05	1
1.0	1:197240942:TC:T	197240942	0	-9.292047e-04	-1.854056e-05	1
1.0	1:197242872:C:G	197242872	0	-1.026251e-02	-2.073970e-04	1
1.0	1:197242933:G:C	197242933	0	-1.026251e-02	-2.073970e-04	1
1.0	1:197243395:C:A	197243395	0	1.924070e-04	3.860264e-06	1
1.0	1:197243571:A:C	197243571	0	5.232471e-03	1.073799e-04	1
1.0	1:197244096:A:T	197244096	0	-1.026289e-02	-2.074050e-04	1
1.0	1:197244197:T:C	197244197	0	1.925892e-04	3.863904e-06	1
1.0	1:197244290:G:A	197244290	0	7.946399e-03	1.601607e-04	1
1.0	1:197244456:C:G	197244456	0	9.129353e-04	1.873850e-05	1
1.0	1:197245860:A:G	197245860	0	-2.453648e-03	-4.864158e-05	1
1.0	1:197246217:T:G	197246217	0	3.191723e-03	6.547891e-05	1
1.0	1:197246414:C:T	197246414	0	-2.973766e-04	-5.920394e-06	1
1.0	1:197246968:C:A	197246968	0	-1.926827e-03	-3.818459e-05	1
1.0	1:197247814:A:G	197247814	0	-1.002044e-02	-2.022110e-04	1
1.0	1:197248016:A:G	197248016	0	-2.973766e-04	-5.920401e-06	1
1.0	1:197250615:G:A	197250615	0	-2.751025e-03	-5.578463e-05	1
1.0	1:197253267:T:C	197253267	0	-2.751025e-03	-5.578463e-05	1
1.0	1:197254186:G:A	197254186	0	-4.649415e-03	-9.360945e-05	1
1.0	1:197254535:T:C	197254535	0	-2.571100e-03	-5.269433e-05	1
1.0	1:197255992:T:C	197255992	0	-2.973766e-04	-5.920397e-06	1
1.0	1:197256688:G:T	197256688	0	-2.751025e-03	-5.578462e-05	1
1.0	1:197257090:T:C	197257090	0	8.093615e-03	1.631640e-04	1
1.0	1:197257556:C:T	197257556	0	-2.751025e-03	-5.578462e-05	1
1.0	1:197257855:G:A	197257855	0	-2.973766e-04	-5.920391e-06	1
1.0	1:197257913:A:C	197257913	0	-6.018503e-04	-1.200230e-05	1
1.0	1:197258736:A:G	197258736	0	1.882099e-04	3.776352e-06	1
1.0	1:197260652:C:A	197260652	0	-1.014784e-02	-2.049976e-04	1
1.0	1:197261492:G:A	197261492	0	2.616686e-03	5.368443e-05	1
1.0	1:197261598:T:C	197261598	0	8.517182e-03	1.719488e-04	1
1.0	1:197262184:C:T	197262184	0	8.093615e-03	1.631639e-04	1
1.0	1:197263737:A:G	197263737	0	-2.973766e-04	-5.920385e-06	1
1.0	1:197263740:C:T	197263740	0	-2.973766e-04	-5.920383e-06	1
1.0	1:197263972:C:T	197263972	0	-3.798845e-03	-7.717650e-05	1
1.0	1:197265113:T:TTTCTC	197265113	0	-1.101732e-02	-2.236973e-04	1
1.0	1:197265563:CT:C	197265563	0	4.841792e-03	9.947666e-05	1
1.0	1:197265641:C:T	197265641	0	-1.081976e-02	-2.185968e-04	1
1.0	1:197265842:C:T	197265842	0	-2.725005e-04	-5.577211e-06	1
1.0	1:197265955:C:G	197265955	0	-2.725005e-04	-5.577212e-06	1
1.0	1:197266535:G:A	197266535	0	-9.988702e-03	-2.015494e-04	1
1.0	1:197266587:A:T	197266587	0	-1.111714e-02	-2.257456e-04	1
1.0	1:197266940:G:A	197266940	0	-2.725005e-04	-5.577212e-06	1
1.0	1:197267532:C:A	197267532	0	-1.006715e-02	-2.031727e-04	1
1.0	1:197268347:G:A	197268347	0	-1.071147e-03	-2.194682e-05	1
1.0	1:197268493:G:A	197268493	0	-1.002044e-02	-2.022109e-04	1
1.0	1:197268700:A:AT	197268700	0	-1.077951e-02	-2.186513e-04	1
1.0	1:197269674:G:T	197269674	0	-1.005345e-03	-2.062969e-05	1
1.0	1:197271300:C:G	197271300	0	-2.725005e-04	-5.577212e-06	1
1.0	1:197273689:T:C	197273689	0	-3.199130e-04	-6.545337e-06	1
1.0	1:197273692:G:A	197273692	0	-3.199130e-04	-6.545337e-06	1
1.0	1:197273981:T:C	197273981	0	-2.973766e-04	-5.920388e-06	1
1.0	1:197275153:G:A	197275153	0	2.613517e-03	5.352079e-05	1
1.0	1:197277205:GTA:G	197277205	0	-5.863645e-03	-1.191385e-04	1
1.0	1:197277907:A:G	197277907	0	5.768281e-04	1.180579e-05	1
1.0	1:197278293:T:C	197278293	0	2.380738e-04	4.779979e-06	1
1.0	1:197278655:C:T	197278655	0	-5.375868e-04	-1.099918e-05	1
1.0	1:197279209:G:A	197279209	0	-2.973766e-04	-5.920386e-06	1
1.0	1:197279771:A:G	197279771	0	-1.205335e-03	-2.475261e-05	1
1.0	1:197279780:T:G	197279780	0	-2.396779e-04	-4.896761e-06	1
1.0	1:197280295:A:C	197280295	0	-1.111714e-02	-2.257455e-04	1
1.0	1:197280358:C:T	197280358	0	-1.029294e-02	-2.077254e-04	1
1.0	1:197281307:A:G	197281307	0	1.108674e-03	2.274384e-05	1
1.0	1:197281941:A:G	197281941	0	-1.101716e-02	-2.236939e-04	1
1.0	1:197281954:T:A	197281954	0	-1.101690e-02	-2.236884e-04	1
1.0	1:197282079:T:C	197282079	0	-1.111714e-02	-2.257455e-04	1
1.0	1:197282109:A:T	197282109	0	-2.973766e-04	-5.920367e-06	1
1.0	1:197283185:C:T	197283185	0	-1.111714e-02	-2.257455e-04	1
1.0	1:197284714:C:T	197284714	0	-1.205335e-03	-2.475260e-05	1
1.0	1:197285416:A:G	197285416	0	-1.111714e-02	-2.257455e-04	1
1.0	1:197285535:C:CG	197285535	0	-1.111714e-02	-2.257454e-04	1
1.0	1:197288308:G:T	197288308	0	2.031496e-03	4.070567e-05	1
1.0	1:197289719:G:A	197289719	0	9.414226e-03	1.955554e-04	1
1.0	1:197289793:A:T	197289793	0	-1.492019e-03	-3.062826e-05	1
1.0	1:197290325:G:A	197290325	0	-2.973766e-04	-5.920342e-06	1
1.0	1:197291306:A:G	197291306	0	-1.111714e-02	-2.257454e-04	1
1.0	1:197291537:G:T	197291537	0	-5.375868e-04	-1.099917e-05	1
1.0	1:197291690:C:A	197291690	0	-9.658423e-03	-1.947916e-04	1
1.0	1:197291727:C:T	197291727	0	-3.928727e-03	-7.904395e-05	1
1.0	1:197291912:T:A	197291912	0	-9.755356e-03	-1.968102e-04	1
1.0	1:197292749:T:A	197292749	0	-1.111714e-02	-2.257454e-04	1
1.0	1:197293423:T:A	197293423	0	-2.382440e-03	-4.871590e-05	1
1.0	1:197293606:G:A	197293606	0	-1.111714e-02	-2.257454e-04	1
1.0	1:197294699:C:T	197294699	0	-1.111714e-02	-2.257453e-04	1
1.0	1:197295641:A:T	197295641	0	-2.973766e-04	-5.920328e-06	1
1.0	1:197295847:C:A	197295847	0	-1.071147e-03	-2.194682e-05	1
1.0	1:197295886:G:A	197295886	0	-1.006548e-02	-2.032811e-04	1
1.0	1:197295974:C:T	197295974	0	-1.029670e-02	-2.082517e-04	1
1.0	1:197296376:A:C	197296376	0	-4.210266e-04	-8.642317e-06	1
1.0	1:197296830:ATCTTT:A	197296830	0	-9.542674e-04	-1.957557e-05	1
1.0	1:197297408:A:G	197297408	0	-1.111714e-02	-2.257453e-04	1
1.0	1:197297417:T:C	197297417	0	-1.029294e-02	-2.077252e-04	1
1.0	1:197297540:A:T	197297540	0	-9.350839e-03	-1.885830e-04	1
1.0	1:197298373:T:C	197298373	0	-1.111714e-02	-2.257453e-04	1
1.0	1:197298860:C:G	197298860	0	-1.111714e-02	-2.257453e-04	1
1.0	1:197299000:A:T	197299000	0	-1.111714e-02	-2.257453e-04	1
1.0	1:197299315:C:T	197299315	0	-9.181199e-03	-1.854542e-04	1
1.0	1:197299922:AC:A	197299922	0	-8.555825e-03	-1.736281e-04	1
1.0	1:197300267:A:G	197300267	0	-9.181199e-03	-1.854542e-04	1
1.0	1:197300496:A:G	197300496	0	-9.371847e-03	-1.894470e-04	1
1.0	1:197300995:A:C	197300995	0	-8.514522e-03	-1.712614e-04	1
1.0	1:197302005:C:T	197302005	0	6.907227e-04	1.418195e-05	1
1.0	1:197302140:A:T	197302140	0	5.858032e-04	1.202404e-05	1
1.0	1:197302402:T:G	197302402	0	-1.111714e-02	-2.257452e-04	1
1.0	1:197302665:A:G	197302665	0	-9.357617e-03	-1.887403e-04	1
1.0	1:197302690:A:G	197302690	0	-1.152104e-02	-2.343427e-04	1
1.0	1:197302717:T:C	197302717	0	-3.567465e-03	-7.245396e-05	1
1.0	1:197304081:T:G	197304081	0	-1.111714e-02	-2.257451e-04	1
1.0	1:197304361:C:G	197304361	0	-9.606854e-03	-1.934831e-04	1
1.0	1:197304932:C:A	197304932	0	-1.421297e-03	-2.913934e-05	1
1.0	1:197305049:GCCC:G	197305049	0	-9.606854e-03	-1.934831e-04	1
1.0	1:197305053:T:G	197305053	0	-9.606854e-03	-1.934831e-04	1
1.0	1:197305270:A:T	197305270	0	-1.111714e-02	-2.257451e-04	1
1.0	1:197305571:ATAT:A	197305571	0	-2.081373e-03	-4.177304e-05	1
1.0	1:197306099:C:T	197306099	0	-1.111714e-02	-2.257451e-04	1
1.0	1:197306404:T:G	197306404	0	4.337243e-03	8.898075e-05	1
1.0	1:197307120:C:T	197307120	0	2.535617e-03	5.074113e-05	1
1.0	1:197307318:A:T	197307318	0	-1.677152e-03	-3.367206e-05	1
1.0	1:197308081:G:T	197308081	0	-5.375868e-04	-1.099916e-05	1
1.0	1:197308507:G:A	197308507	0	-1.554552e-03	-3.119311e-05	1
1.0	1:197308740:G:A	197308740	0	-1.554552e-03	-3.119311e-05	1
1.0	1:197309594:G:T	197309594	0	-1.111714e-02	-2.257450e-04	1
1.0	1:197309603:T:C	197309603	0	-1.127782e-02	-2.291786e-04	1
1.0	1:197309622:GA:G	197309622	0	-9.606854e-03	-1.934830e-04	1
1.0	1:197310096:T:C	197310096	0	-1.159551e-02	-2.358642e-04	1
1.0	1:197310367:A:G	197310367	0	-2.365997e-03	-4.747465e-05	1
1.0	1:197310747:G:A	197310747	0	4.295585e-03	8.763021e-05	1
1.0	1:197310777:G:T	197310777	0	-3.473028e-03	-7.001484e-05	1
1.0	1:197311228:T:C	197311228	0	-2.687963e-03	-5.357106e-05	1
1.0	1:197311241:C:T	197311241	0	1.035362e-02	2.109743e-04	1
1.0	1:197311971:T:C	197311971	0	-2.966447e-03	-6.021504e-05	1
1.0	1:197312162:C:G	197312162	0	-9.624486e-03	-1.956223e-04	1
1.0	1:197312434:A:T	197312434	0	-2.966447e-03	-6.021504e-05	1
1.0	1:197312742:T:A	197312742	0	-2.439627e-03	-4.952035e-05	1
1.0	1:197312942:A:C	197312942	0	-3.439852e-04	-6.990783e-06	1
1.0	1:197313739:A:G	197313739	0	1.572741e-03	3.214203e-05	1
1.0	1:197314384:G:A	197314384	0	-3.439852e-04	-6.990783e-06	1
1.0	1:197314588:G:A	197314588	0	-1.452057e-03	-2.983206e-05	1
1.0	1:197315402:C:T	197315402	0	-9.322070e-03	-1.893348e-04	1
1.0	1:197316239:C:G	197316239	0	-9.624486e-03	-1.956223e-04	1
1.0	1:197316408:T:G	197316408	0	-2.966447e-03	-6.021504e-05	1
1.0	1:197316435:T:C	197316435	0	-9.624486e-03	-1.956223e-04	1
1.0	1:197316644:C:T	197316644	0	5.495510e-04	1.125553e-05	1
1.0	1:197316970:T:TAA	197316970	0	-9.369280e-03	-1.889485e-04	1
1.0	1:197317088:C:CTT	197317088	0	-3.097203e-03	-6.288035e-05	1
1.0	1:197317238:G:A	197317238	0	-5.986113e-03	-1.196499e-04	1
1.0	1:197317546:G:A	197317546	0	-2.014150e-03	-4.132769e-05	1
1.0	1:197317668:G:A	197317668	0	5.495510e-04	1.125553e-05	1
1.0	1:197318034:T:TTTTAA	197318034	0	-2.966447e-03	-6.021504e-05	1
1.0	1:197318153:C:T	197318153	0	2.118774e-03	4.353858e-05	1
1.0	1:197318309:A:G	197318309	0	-2.439627e-03	-4.952035e-05	1
1.0	1:197319799:A:G	197319799	0	-3.148970e-03	-6.449668e-05	1
1.0	1:197320786:T:A	197320786	0	-9.624486e-03	-1.956223e-04	1
1.0	1:197321440:C:T	197321440	0	-2.439627e-03	-4.952035e-05	1
1.0	1:197321451:A:G	197321451	0	-3.439852e-04	-6.990784e-06	1
1.0	1:197322520:C:G	197322520	0	-9.624486e-03	-1.956223e-04	1
1.0	1:197323727:C:T	197323727	0	-3.439852e-04	-6.990784e-06	1
1.0	1:197324195:T:G	197324195	0	-9.624486e-03	-1.956223e-04	1
1.0	1:197324200:T:G	197324200	0	-7.986697e-03	-1.615556e-04	1
1.0	1:197324562:G:A	197324562	0	-3.439852e-04	-6.990783e-06	1
1.0	1:197324983:T:C	197324983	0	-8.708060e-04	-1.769362e-05	1
1.0	1:197325908:T:G	197325908	0	-9.391661e-03	-1.910618e-04	1
1.0	1:197326373:T:C	197326373	0	-3.439852e-04	-6.990783e-06	1
1.0	1:197326492:A:T	197326492	0	6.061105e-04	1.241032e-05	1
1.0	1:197326609:C:CT	197326609	0	-6.040432e-03	-1.204542e-04	1
1.0	1:197327001:T:TA	197327001	0	-1.482612e-03	-3.028860e-05	1
1.0	1:197327399:C:T	197327399	0	-3.439852e-04	-6.990784e-06	1
1.0	1:197327547:C:A	197327547	0	-4.287406e-04	-8.784134e-06	1
1.0	1:197327930:GGTCAAAT:G	197327930	0	-6.658038e-03	-1.326370e-04	1
1.0	1:197328330:A:G	197328330	0	-5.894650e-04	-1.210427e-05	1
1.0	1:197329041:A:T	197329041	0	-9.391661e-03	-1.910618e-04	1
1.0	1:197329275:T:C	197329275	0	-6.425213e-03	-1.280984e-04	1
1.0	1:197329535:A:C	197329535	0	-7.296019e-03	-1.472933e-04	1
1.0	1:197329774:G:A	197329774	0	7.823759e-04	1.601298e-05	1
1.0	1:197330185:T:A	197330185	0	-9.391661e-03	-1.910618e-04	1
1.0	1:197331808:A:G	197331808	0	-6.874706e-04	-1.396725e-05	1
1.0	1:197331809:T:C	197331809	0	-6.954161e-03	-1.388589e-04	1
1.0	1:197332157:A:G	197332157	0	-9.776184e-03	-1.995749e-04	1
1.0	1:197333779:G:A	197333779	0	-9.938094e-03	-2.022400e-04	1
1.0	1:197334159:CT:C	197334159	0	-2.523594e-03	-5.008801e-05	1
1.0	1:197334422:C:T	197334422	0	-1.694445e-03	-3.445531e-05	1
1.0	1:197335178:A:T	197335178	0	-2.375670e-03	-4.821689e-05	1
1.0	1:197337036:C:T	197337036	0	-1.450266e-03	-2.979534e-05	1
1.0	1:197337668:T:C	197337668	0	-3.439852e-04	-6.990786e-06	1
1.0	1:197337830:G:A	197337830	0	-9.624486e-03	-1.956222e-04	1
1.0	1:197339183:C:G	197339183	0	-3.439852e-04	-6.990786e-06	1
1.0	1:197339479:G:A	197339479	0	-9.624486e-03	-1.956222e-04	1
1.0	1:197341587:A:T	197341587	0	2.739795e-03	5.583032e-05	1
1.0	1:197341901:G:A	197341901	0	-2.392734e-03	-4.859728e-05	1
1.0	1:197342380:G:A	197342380	0	-3.885242e-03	-7.783835e-05	1
1.0	1:197342686:T:C	197342686	0	-4.756048e-03	-9.480567e-05	1
1.0	1:197342725:G:A	197342725	0	-4.229227e-03	-8.422114e-05	1
1.0	1:197343295:C:G	197343295	0	-4.229227e-03	-8.422114e-05	1
1.0	1:197343296:A:G	197343296	0	-4.229227e-03	-8.422113e-05	1
1.0	1:197343763:T:C	197343763	0	-4.229227e-03	-8.422112e-05	1
1.0	1:197343950:T:A	197343950	0	8.804536e-04	1.766726e-05	1
1.0	1:197344461:G:A	197344461	0	-4.229227e-03	-8.422112e-05	1
1.0	1:197346913:C:G	197346913	0	-4.229227e-03	-8.422111e-05	1
1.0	1:197346937:T:C	197346937	0	5.636502e-03	1.115240e-04	1
1.0	1:197347299:T:C	197347299	0	-3.794502e-03	-7.563716e-05	1
1.0	1:197347846:G:GT	197347846	0	-4.926324e-03	-9.822787e-05	1
1.0	1:197347920:C:T	197347920	0	-4.756048e-03	-9.480562e-05	1
1.0	1:197349193:A:G	197349193	0	-4.229227e-03	-8.422108e-05	1
1.0	1:197350381:A:G	197350381	0	6.358193e-03	1.259891e-04	1
1.0	1:197350704:G:A	197350704	0	-4.229227e-03	-8.422107e-05	1
1.0	1:197351039:C:G	197351039	0	6.476286e-04	1.297789e-05	1
1.0	1:197351554:A:T	197351554	0	8.804536e-04	1.766727e-05	1
1.0	1:197352266:C:T	197352266	0	-4.229227e-03	-8.422107e-05	1
1.0	1:197352969:A:G	197352969	0	8.804536e-04	1.766727e-05	1
1.0	1:197354428:C:T	197354428	0	-3.148970e-03	-6.449670e-05	1
1.0	1:197354564:A:G	197354564	0	7.453274e-03	1.522620e-04	1
1.0	1:197355536:A:T	197355536	0	1.080638e-03	2.219669e-05	1
1.0	1:197355817:C:T	197355817	0	-3.512593e-03	-6.978663e-05	1
1.0	1:197357134:A:C	197357134	0	-1.272435e-03	-2.595639e-05	1
1.0	1:197358842:T:TA	197358842	0	1.947227e-04	3.798073e-06	1
1.0	1:197359999:G:A	197359999	0	4.771601e-04	9.354894e-06	1
1.0	1:197361571:G:A	197361571	0	-3.575979e-03	-7.105259e-05	1
1.0	1:197362651:A:AT	197362651	0	-3.160772e-03	-6.286669e-05	1
1.0	1:197362930:C:CTTAA	197362930	0	-3.161790e-03	-6.288700e-05	1
1.0	1:197363075:G:A	197363075	0	-3.575979e-03	-7.105257e-05	1
1.0	1:197363308:G:C	197363308	0	8.804536e-04	1.766727e-05	1
1.0	1:197363595:T:C	197363595	0	4.677737e-03	9.247634e-05	1
1.0	1:197363948:G:A	197363948	0	-3.049158e-03	-6.053390e-05	1
1.0	1:197365105:T:C	197365105	0	4.456432e-03	8.793229e-05	1
1.0	1:197365149:G:A	197365149	0	1.570379e-03	3.151449e-05	1
1.0	1:197366143:C:T	197366143	0	8.804536e-04	1.766727e-05	1
1.0	1:197366723:G:A	197366723	0	8.164286e-04	1.657578e-05	1
1.0	1:197368231:A:C	197368231	0	8.804536e-04	1.766728e-05	1
1.0	1:197368281:T:G	197368281	0	-3.575979e-03	-7.105255e-05	1
1.0	1:197368840:C:T	197368840	0	2.518242e-03	5.054651e-05	1
1.0	1:197369214:GC:G	197369214	0	-3.560622e-05	-7.191442e-07	1
1.0	1:197372198:A:C	197372198	0	-2.597610e-03	-5.155370e-05	1
1.0	1:197372250:C:A	197372250	0	-3.049158e-03	-6.053388e-05	1
1.0	1:197372437:G:T	197372437	0	-3.049158e-03	-6.053387e-05	1
1.0	1:197373711:A:G	197373711	0	-1.450266e-03	-2.979534e-05	1
1.0	1:197374165:GCTCGCC:G	197374165	0	1.010038e-03	2.071103e-05	1
1.0	1:197374175:G:T	197374175	0	-4.113305e-03	-8.214734e-05	1
1.0	1:197374762:G:A	197374762	0	-2.076189e-03	-4.129956e-05	1
1.0	1:197374815:T:C	197374815	0	-2.639940e-03	-5.255433e-05	1
1.0	1:197374884:C:T	197374884	0	8.360842e-04	1.696751e-05	1
1.0	1:197375307:T:G	197375307	0	-3.575979e-03	-7.105251e-05	1
1.0	1:197375863:AT:A	197375863	0	6.830355e-04	1.386175e-05	1
1.0	1:197376021:T:C	197376021	0	-3.575979e-03	-7.105250e-05	1
1.0	1:197376144:C:T	197376144	0	-3.049158e-03	-6.053384e-05	1
1.0	1:197376226:G:A	197376226	0	4.445208e-03	8.770886e-05	1
1.0	1:197376710:A:G	197376710	0	-2.624495e-03	-5.208194e-05	1
1.0	1:197376813:G:A	197376813	0	-3.551954e-03	-7.284049e-05	1
1.0	1:197377143:T:A	197377143	0	-3.575979e-03	-7.105248e-05	1
1.0	1:197377171:C:G	197377171	0	2.682567e-04	5.395235e-06	1
1.0	1:197379590:T:C	197379590	0	-4.049650e-03	-8.315165e-05	1
1.0	1:197379842:T:G	197379842	0	2.672896e-04	5.375845e-06	1
1.0	1:197381055:G:C	197381055	0	1.683787e-03	3.456269e-05	1
1.0	1:197381941:T:C	197381941	0	-3.575979e-03	-7.105247e-05	1
1.0	1:197382056:G:A	197382056	0	-3.161612e-03	-6.288334e-05	1
1.0	1:197382342:T:A	197382342	0	-2.618060e-03	-5.203111e-05	1
1.0	1:197383644:T:C	197383644	0	-2.568584e-03	-5.107497e-05	1
1.0	1:197384285:T:C	197384285	0	7.453274e-03	1.522620e-04	1
1.0	1:197384426:C:G	197384426	0	-4.412063e-03	-8.844994e-05	1
1.0	1:197386847:C:T	197386847	0	4.456432e-03	8.793221e-05	1
1.0	1:197387956:T:C	197387956	0	-3.049158e-03	-6.053378e-05	1
1.0	1:197388076:C:A	197388076	0	3.575979e-03	7.105243e-05	1
1.0	1:197388125:T:C	197388125	0	-3.049158e-03	-6.053377e-05	1
1.0	1:197388558:T:A	197388558	0	-3.049158e-03	-6.053376e-05	1
1.0	1:197388567:A:T	197388567	0	5.705162e-04	1.168489e-05	1
1.0	1:197388870:C:T	197388870	0	-3.677225e-03	-7.368232e-05	1
1.0	1:197388977:C:T	197388977	0	-1.861874e-03	-3.691236e-05	1
1.0	1:197389475:T:A	197389475	0	5.971877e-03	1.195553e-04	1
1.0	1:197392067:C:T	197392067	0	-8.804536e-04	-1.766731e-05	1
1.0	1:197392184:A:AT	197392184	0	9.956716e-04	2.039868e-05	1
1.0	1:197392891:T:C	197392891	0	-3.049158e-03	-6.053374e-05	1
1.0	1:197395234:G:A	197395234	0	-2.260373e-03	-4.645455e-05	1
1.0	1:197396108:C:A	197396108	0	-1.129828e-03	-2.267323e-05	1
1.0	1:197398086:A:G	197398086	0	-3.929611e-03	-7.741112e-05	1
1.0	1:197399172:C:T	197399172	0	4.456432e-03	8.793217e-05	1
1.0	1:197406760:GAA:G	197406760	0	4.188430e-03	8.266901e-05	1
1.0	1:197407886:A:AT	197407886	0	-9.944012e-04	-1.995457e-05	1
1.0	1:197408660:C:T	197408660	0	-8.804536e-04	-1.766731e-05	1
1.0	1:197412029:C:T	197412029	0	4.191346e-03	8.274215e-05	1
1.0	1:197412372:A:G	197412372	0	1.227346e-03	2.512426e-05	1
1.0	1:197412976:C:T	197412976	0	4.073885e-03	8.046519e-05	1
1.0	1:197413165:A:T	197413165	0	-2.518242e-03	-5.054654e-05	1
1.0	1:197413166:C:A	197413166	0	-2.518242e-03	-5.054654e-05	1
1.0	1:197414097:G:A	197414097	0	-4.781906e-03	-9.516743e-05	1
1.0	1:197415455:T:G	197415455	0	7.823759e-04	1.601295e-05	1
1.0	1:197415707:G:T	197415707	0	-1.479336e-03	-3.032377e-05	1
1.0	1:197419837:G:A	197419837	0	5.987528e-03	1.196105e-04	1
1.0	1:197420608:A:T	197420608	0	4.014492e-04	8.234489e-06	1
1.0	1:197420724:A:G	197420724	0	7.050313e-04	1.447819e-05	1
1.0	1:197421926:A:T	197421926	0	-3.551954e-03	-7.284049e-05	1
1.0	1:197425146:C:G	197425146	0	7.823759e-04	1.601295e-05	1
1.0	1:197426981:T:C	197426981	0	6.014978e-04	1.231559e-05	1
1.0	1:197428429:T:C	197428429	0	4.410649e-03	9.006101e-05	1
1.0	1:197430591:G:C	197430591	0	-1.146145e-03	-2.350953e-05	1
1.0	1:197431246:T:C	197431246	0	5.858032e-04	1.202403e-05	1
1.0	1:197431932:G:T	197431932	0	4.360365e-03	8.903035e-05	1
1.0	1:197433329:G:A	197433329	0	3.272859e-03	6.451867e-05	1
1.0	1:197433540:A:G	197433540	0	-3.024533e-03	-6.202965e-05	1
1.0	1:197436039:A:G	197436039	0	3.803383e-05	7.458648e-07	1
1.0	1:197438606:G:T	197438606	0	-7.036364e-05	-1.431221e-06	1
1.0	1:197439044:G:A	197439044	0	-3.630385e-03	-7.397523e-05	1
1.0	1:197443910:C:T	197443910	0	-2.746038e-03	-5.405551e-05	1
1.0	1:197444229:A:G	197444229	0	8.360842e-04	1.696755e-05	1
1.0	1:197445132:C:T	197445132	0	-2.746038e-03	-5.405551e-05	1
1.0	1:197445879:T:C	197445879	0	-2.014150e-03	-4.132765e-05	1
1.0	1:197446702:G:T	197446702	0	-3.582122e-03	-7.115294e-05	1
1.0	1:197447037:T:C	197447037	0	8.360842e-04	1.696755e-05	1
1.0	1:197448384:A:G	197448384	0	-2.014150e-03	-4.132765e-05	1
1.0	1:197449902:G:A	197449902	0	-3.477378e-03	-7.104185e-05	1
1.0	1:197450636:T:C	197450636	0	5.267956e-03	1.074825e-04	1
1.0	1:197452162:A:G	197452162	0	3.803383e-05	7.458702e-07	1
1.0	1:197452703:C:T	197452703	0	-3.551954e-03	-7.284050e-05	1
1.0	1:197452833:C:T	197452833	0	-4.049650e-03	-8.315165e-05	1
1.0	1:197453203:G:A	197453203	0	3.803383e-05	7.458687e-07	1
1.0	1:197456936:G:A	197456936	0	3.847811e-03	7.581188e-05	1
1.0	1:197457536:A:G	197457536	0	-1.816485e-03	-3.732754e-05	1
1.0	1:197458119:C:T	197458119	0	-4.887870e-04	-9.830669e-06	1
1.0	1:197459805:G:T	197459805	0	2.084778e-04	4.170578e-06	1
1.0	1:197459874:C:T	197459874	0	-1.243627e-03	-2.553359e-05	1
1.0	1:197459895:T:G	197459895	0	4.579714e-03	9.117706e-05	1
1.0	1:197462946:C:T	197462946	0	8.573074e-04	1.758969e-05	1
1.0	1:197463742:A:G	197463742	0	-2.779392e-03	-5.520828e-05	1
1.0	1:197463936:T:C	197463936	0	-3.874698e-03	-7.646863e-05	1
1.0	1:197465128:A:G	197465128	0	1.010038e-03	2.071104e-05	1
1.0	1:197465286:T:C	197465286	0	-2.370709e-03	-4.869275e-05	1
1.0	1:197465740:G:C	197465740	0	4.683895e-03	9.305941e-05	1
1.0	1:197465886:T:TA	197465886	0	-3.630385e-03	-7.397523e-05	1
1.0	1:197468341:G:A	197468341	0	-9.690538e-04	-1.984013e-05	1
1.0	1:197469030:T:G	197469030	0	-3.583979e-03	-7.350051e-05	1
1.0	1:197470146:G:A	197470146	0	-2.765168e-03	-5.544792e-05	1
1.0	1:197470756:T:A	197470756	0	4.235694e-05	8.733844e-07	1
1.0	1:197471350:G:A	197471350	0	-3.653234e-03	-7.337935e-05	1
1.0	1:197472070:G:A	197472070	0	3.847811e-03	7.581187e-05	1
1.0	1:197474654:G:A	197474654	0	-7.509493e-03	-1.534484e-04	1
1.0	1:197477448:C:T	197477448	0	-3.452256e-03	-6.812586e-05	1
1.0	1:197477498:G:A	197477498	0	-2.529049e-03	-5.069216e-05	1
1.0	1:197477610:T:C	197477610	0	3.040365e-04	6.174989e-06	1
1.0	1:197477760:G:A	197477760	0	1.502076e-03	3.076515e-05	1
1.0	1:197477848:T:TA	197477848	0	-2.864060e-04	-5.878415e-06	1
1.0	1:197477879:T:C	197477879	0	1.683787e-03	3.456268e-05	1
1.0	1:197478149:T:C	197478149	0	9.310444e-05	1.907025e-06	1
1.0	1:197478285:G:A	197478285	0	-6.520994e-03	-1.329805e-04	1
1.0	1:197480927:C:T	197480927	0	-3.359024e-03	-6.664993e-05	1
1.0	1:197480986:C:T	197480986	0	3.215453e-04	6.525059e-06	1
1.0	1:197482265:A:G	197482265	0	3.070359e-03	6.108479e-05	1
1.0	1:197483815:T:A	197483815	0	6.643841e-04	1.359420e-05	1
1.0	1:197484068:C:T	197484068	0	-4.189201e-05	-8.639699e-07	1
1.0	1:197485094:A:G	197485094	0	3.303760e-03	6.564358e-05	1
1.0	1:197487053:T:TTTTG	197487053	0	-7.688676e-05	-1.580430e-06	1
1.0	1:197488569:T:C	197488569	0	-3.205676e-03	-6.368833e-05	1
1.0	1:197489171:T:C	197489171	0	6.868215e-04	1.405373e-05	1
1.0	1:197489357:A:G	197489357	0	3.260313e-03	6.477772e-05	1
1.0	1:197490905:C:T	197490905	0	-5.310875e-04	-1.089745e-05	1
1.0	1:197490942:T:G	197490942	0	-3.742032e-03	-7.433635e-05	1
1.0	1:197493644:G:A	197493644	0	-3.147287e-03	-6.297868e-05	1
1.0	1:197499003:C:T	197499003	0	-8.257252e-04	-1.694869e-05	1
1.0	1:197499447:G:A	197499447	0	-1.005345e-03	-2.062970e-05	1
1.0	1:197503537:C:T	197503537	0	-3.822888e-03	-7.831855e-05	1
1.0	1:197504370:G:A	197504370	0	3.429798e-03	6.804956e-05	1
1.0	1:197504855:C:T	197504855	0	-3.024533e-03	-6.202965e-05	1
1.0	1:197505460:C:T	197505460	0	6.014978e-04	1.231559e-05	1
1.0	1:197505890:G:C	197505890	0	2.757710e-03	5.420711e-05	1
1.0	1:197506125:C:T	197506125	0	2.820485e-03	5.544480e-05	1
1.0	1:197506127:C:T	197506127	0	2.823598e-03	5.550617e-05	1
1.0	1:197506128:A:G	197506128	0	2.824988e-03	5.553357e-05	1
1.0	1:197507411:C:T	197507411	0	2.945834e-03	6.020321e-05	1
1.0	1:197508265:C:A	197508265	0	6.013143e-04	1.205991e-05	1
1.0	1:197508544:A:G	197508544	0	-4.180134e-04	-8.470085e-06	1
1.0	1:197508550:G:GA	197508550	0	2.410490e-03	4.955222e-05	1
1.0	1:197509624:A:G	197509624	0	1.296614e-03	2.567977e-05	1
1.0	1:197512404:T:C	197512404	0	-2.941011e-03	-5.884424e-05	1
1.0	1:197512778:G:A	197512778	0	6.013143e-04	1.205991e-05	1
1.0	1:197512789:A:C	197512789	0	-6.013143e-04	-1.205991e-05	1
1.0	1:197512851:G:T	197512851	0	-1.479336e-03	-3.032377e-05	1
1.0	1:197512914:C:T	197512914	0	5.000114e-03	1.025415e-04	1
1.0	1:197515715:G:A	197515715	0	-6.013143e-04	-1.205991e-05	1
1.0	1:197515777:A:T	197515777	0	-6.013143e-04	-1.205991e-05	1
1.0	1:197515981:T:C	197515981	0	-3.359024e-03	-6.664989e-05	1
1.0	1:197516960:CA:C	197516960	0	-1.349440e-03	-2.710037e-05	1
1.0	1:197517086:T:A	197517086	0	-4.190102e-03	-8.448196e-05	1
1.0	1:197519849:G:A	197519849	0	2.322024e-03	4.681053e-05	1
1.0	1:197520273:T:C	197520273	0	-1.724961e-03	-3.466525e-05	1
1.0	1:197520610:T:C	197520610	0	1.683787e-03	3.456268e-05	1
1.0	1:197521810:C:G	197521810	0	1.561615e-03	3.137342e-05	1
1.0	1:197521877:T:C	197521877	0	-1.561615e-03	-3.137342e-05	1
1.0	1:197522671:G:A	197522671	0	-6.013143e-04	-1.205990e-05	1
1.0	1:197522958:T:C	197522958	0	-6.013143e-04	-1.205989e-05	1
1.0	1:197523805:T:TA	197523805	0	4.695359e-04	9.414805e-06	1
1.0	1:197525439:A:C	197525439	0	1.055549e-03	2.119541e-05	1
1.0	1:197526143:CAGTTTT:C	197526143	0	2.305213e-04	4.614945e-06	1
1.0	1:197527261:A:G	197527261	0	8.573074e-04	1.758968e-05	1
1.0	1:197527458:AAT:A	197527458	0	3.770812e-04	7.601844e-06	1
1.0	1:197527615:G:T	197527615	0	-2.764816e-04	-5.537459e-06	1
1.0	1:197528149:A:G	197528149	0	9.601440e-04	1.927927e-05	1
1.0	1:197528329:T:C	197528329	0	-1.491606e-04	-2.980305e-06	1
1.0	1:197528488:G:A	197528488	0	-2.904452e-04	-5.817955e-06	1
1.0	1:197528805:T:A	197528805	0	3.207739e-04	6.427172e-06	1
1.0	1:197528857:A:AAGT	197528857	0	-2.939530e-04	-5.888415e-06	1
1.0	1:197529218:C:T	197529218	0	-4.844178e-04	-9.714110e-06	1
1.0	1:197529264:T:C	197529264	0	4.943500e-04	9.913525e-06	1
1.0	1:197529577:T:G	197529577	0	-7.825698e-04	-1.573991e-05	1
1.0	1:197530702:T:C	197530702	0	7.068568e-04	1.418309e-05	1
1.0	1:197531697:C:T	197531697	0	5.926861e-05	1.220590e-06	1
1.0	1:197531742:T:A	197531742	0	-2.260373e-03	-4.645455e-05	1
1.0	1:197532369:T:C	197532369	0	-2.941011e-03	-5.884422e-05	1
1.0	1:197532378:C:T	197532378	0	-2.941011e-03	-5.884421e-05	1
1.0	1:197533652:TTAA:T	197533652	0	2.824687e-03	5.605958e-05	1
1.0	1:197534354:T:C	197534354	0	5.656968e-03	1.143035e-04	1
1.0	1:197536225:A:G	197536225	0	-6.013143e-04	-1.205987e-05	1
1.0	1:197536424:C:T	197536424	0	2.757710e-03	5.420710e-05	1
1.0	1:197536674:C:A	197536674	0	-2.343552e-03	-4.813375e-05	1
1.0	1:197536705:T:C	197536705	0	-8.319858e-04	-1.669656e-05	1
1.0	1:197536773:T:C	197536773	0	-4.180134e-04	-8.470083e-06	1
1.0	1:197537029:C:T	197537029	0	-6.013143e-04	-1.205987e-05	1
1.0	1:197537074:G:C	197537074	0	1.167806e-03	2.398385e-05	1
1.0	1:197538543:T:C	197538543	0	-4.718431e-04	-9.458811e-06	1
1.0	1:197540207:C:CAT	197540207	0	-6.013143e-04	-1.205987e-05	1
1.0	1:197540349:T:TTACAAAA	197540349	0	6.013143e-04	1.205987e-05	1
1.0	1:197541560:G:A	197541560	0	-6.013143e-04	-1.205986e-05	1
1.0	1:197541723:T:C	197541723	0	2.757710e-03	5.420710e-05	1
1.0	1:197542106:G:A	197542106	0	6.013143e-04	1.205986e-05	1
1.0	1:197543437:G:A	197543437	0	-2.395788e-03	-4.895285e-05	1
1.0	1:197544655:G:A	197544655	0	-3.551954e-03	-7.284050e-05	1
1.0	1:197544989:A:G	197544989	0	2.339696e-03	4.636416e-05	1
1.0	1:197545199:C:T	197545199	0	-6.013143e-04	-1.205986e-05	1
1.0	1:197545307:C:T	197545307	0	8.459416e-04	1.697687e-05	1
1.0	1:197545720:G:A	197545720	0	6.013143e-04	1.205986e-05	1
1.0	1:197546093:A:T	197546093	0	2.339696e-03	4.636416e-05	1
1.0	1:197546426:C:T	197546426	0	6.013143e-04	1.205986e-05	1
1.0	1:197546459:A:G	197546459	0	-6.013143e-04	-1.205986e-05	1
1.0	1:197546891:G:A	197546891	0	-6.013143e-04	-1.205986e-05	1
1.0	1:197547491:C:T	197547491	0	6.013143e-04	1.205986e-05	1
1.0	1:197548670:CTT:C	197548670	0	6.013143e-04	1.205985e-05	1
1.0	1:197548933:A:G	197548933	0	-6.013143e-04	-1.205985e-05	1
1.0	1:197549333:T:C	197549333	0	1.479197e-03	3.037496e-05	1
1.0	1:197549551:G:A	197549551	0	1.781384e-03	3.577411e-05	1
1.0	1:197549777:C:G	197549777	0	2.757710e-03	5.420711e-05	1
1.0	1:197551514:C:G	197551514	0	6.013143e-04	1.205985e-05	1
1.0	1:197551935:AGTTT:A	197551935	0	2.904172e-03	5.709520e-05	1
1.0	1:197552034:T:G	197552034	0	-3.359024e-03	-6.664984e-05	1
1.0	1:197552813:A:G	197552813	0	-2.117365e-04	-4.291094e-06	1
1.0	1:197554134:C:T	197554134	0	-6.013143e-04	-1.205985e-05	1
1.0	1:197554302:C:A	197554302	0	-2.260373e-03	-4.645456e-05	1
1.0	1:197554943:C:T	197554943	0	8.283899e-03	1.711208e-04	1
1.0	1:197555404:T:C	197555404	0	2.512683e-03	4.982656e-05	1
1.0	1:197555519:T:C	197555519	0	6.013143e-04	1.205985e-05	1
1.0	1:197555761:T:C	197555761	0	8.573074e-04	1.758968e-05	1
1.0	1:197555860:A:G	197555860	0	-3.147287e-03	-6.297861e-05	1
1.0	1:197556904:T:C	197556904	0	1.390395e-03	2.792382e-05	1
1.0	1:197557000:G:A	197557000	0	8.573074e-04	1.758968e-05	1
1.0	1:197557272:A:G	197557272	0	6.013143e-04	1.205985e-05	1
1.0	1:197557273:C:G	197557273	0	-2.117365e-04	-4.291095e-06	1
1.0	1:197557552:G:A	197557552	0	-6.013143e-04	-1.205984e-05	1
1.0	1:197559290:T:C	197559290	0	-2.117365e-04	-4.291095e-06	1
1.0	1:197559324:C:T	197559324	0	-3.406280e-03	-6.819379e-05	1
1.0	1:197559835:G:A	197559835	0	6.013143e-04	1.205984e-05	1
1.0	1:197560252:C:T	197560252	0	8.164286e-04	1.657583e-05	1
1.0	1:197560485:T:C	197560485	0	6.013143e-04	1.205984e-05	1
1.0	1:197560962:C:T	197560962	0	2.757710e-03	5.420709e-05	1
1.0	1:197561057:G:A	197561057	0	-5.894650e-04	-1.210429e-05	1
1.0	1:197561182:C:T	197561182	0	-1.417644e-03	-2.847878e-05	1
1.0	1:197561407:T:C	197561407	0	-1.250628e-03	-2.512268e-05	1
1.0	1:197561510:C:T	197561510	0	-2.927190e-03	-5.859190e-05	1
1.0	1:197563333:C:T	197563333	0	2.757710e-03	5.420709e-05	1
1.0	1:197563701:C:T	197563701	0	2.757710e-03	5.420708e-05	1
1.0	1:197564995:C:A	197564995	0	1.167806e-03	2.398385e-05	1
1.0	1:197565337:C:T	197565337	0	7.759822e-04	1.557670e-05	1
1.0	1:197565832:T:C	197565832	0	4.920297e-04	9.866675e-06	1
1.0	1:197566302:TA:T	197566302	0	3.727858e-04	7.470724e-06	1
1.0	1:197566414:T:A	197566414	0	-4.196555e-04	-8.513243e-06	1
1.0	1:197566842:C:T	197566842	0	-2.530693e-03	-5.026781e-05	1
1.0	1:197569657:A:G	197569657	0	-6.013143e-04	-1.205984e-05	1
1.0	1:197570018:A:G	197570018	0	-6.013143e-04	-1.205983e-05	1
1.0	1:197570370:T:TTGAA	197570370	0	-6.013143e-04	-1.205983e-05	1
1.0	1:197570844:G:C	197570844	0	4.606407e-04	9.433670e-06	1
1.0	1:197571173:A:C	197571173	0	3.031834e-03	6.204624e-05	1
1.0	1:197571239:C:G	197571239	0	-1.293464e-03	-2.597977e-05	1
1.0	1:197571246:T:C	197571246	0	6.013143e-04	1.205983e-05	1
1.0	1:197571577:G:A	197571577	0	-1.279200e-03	-2.568812e-05	1
1.0	1:197571885:C:T	197571885	0	-9.682930e-04	-1.944199e-05	1
1.0	1:197572672:A:G	197572672	0	-6.676579e-03	-1.352817e-04	1
1.0	1:197572794:T:C	197572794	0	1.869601e-03	3.840985e-05	1
1.0	1:197573021:T:C	197573021	0	2.077178e-03	4.260344e-05	1
1.0	1:197573318:AAT:A	197573318	0	-3.338897e-04	-6.706839e-06	1
1.0	1:197574134:T:C	197574134	0	3.562963e-03	7.106339e-05	1
1.0	1:197574174:A:T	197574174	0	-2.027331e-03	-4.076736e-05	1
1.0	1:197574241:T:C	197574241	0	1.054376e-03	2.161482e-05	1
1.0	1:197574661:C:T	197574661	0	2.032265e-04	4.155180e-06	1
1.0	1:197577447:G:A	197577447	0	1.017071e-03	2.084967e-05	1
1.0	1:197578795:A:G	197578795	0	2.231443e-03	4.454988e-05	1
1.0	1:197578878:A:G	197578878	0	-2.826345e-03	-5.766363e-05	1
1.0	1:197579127:C:G	197579127	0	-2.908176e-04	-5.902350e-06	1
1.0	1:197580001:TG:T	197580001	0	-1.315355e-03	-2.700764e-05	1
1.0	1:197580084:C:T	197580084	0	-1.885482e-03	-3.789884e-05	1
1.0	1:197580452:T:C	197580452	0	2.881898e-03	5.799285e-05	1
1.0	1:197582447:T:A	197582447	0	2.708857e-04	5.314558e-06	1
1.0	1:197582601:A:G	197582601	0	2.201625e-03	4.424880e-05	1
1.0	1:197582780:A:G	197582780	0	-2.691935e-03	-5.356722e-05	1
1.0	1:197582809:C:T	197582809	0	1.726782e-03	3.470127e-05	1
1.0	1:197583281:A:G	197583281	0	-2.704653e-03	-5.439613e-05	1
1.0	1:197583843:T:C	197583843	0	-2.231530e-03	-4.483971e-05	1
1.0	1:197584553:T:C	197584553	0	1.936901e-03	3.891381e-05	1
1.0	1:197585077:T:C	197585077	0	-2.203814e-04	-4.522565e-06	1
1.0	1:197585681:G:T	197585681	0	-1.013962e-03	-2.080657e-05	1
1.0	1:197586232:C:T	197586232	0	-8.702293e-04	-1.712763e-05	1
1.0	1:197588006:A:T	197588006	0	2.430718e-03	4.884500e-05	1
1.0	1:197589088:G:A	197589088	0	-1.669700e-03	-3.422789e-05	1
1.0	1:197590190:A:G	197590190	0	-1.184949e-03	-2.354659e-05	1
1.0	1:197591406:C:A	197591406	0	-9.080633e-04	-1.787165e-05	1
1.0	1:197591828:G:A	197591828	0	1.674242e-03	3.436666e-05	1
1.0	1:197592166:C:T	197592166	0	9.939133e-04	2.036240e-05	1
1.0	1:197592568:C:T	197592568	0	2.098397e-03	4.216359e-05	1
1.0	1:197593751:C:A	197593751	0	-2.029467e-03	-4.151365e-05	1
1.0	1:197595240:C:G	197595240	0	2.040316e-03	4.104642e-05	1
1.0	1:197595569:T:C	197595569	0	1.697021e-03	3.396248e-05	1
1.0	1:197596035:C:T	197596035	0	2.080246e-03	4.179721e-05	1
1.0	1:197596196:C:G	197596196	0	2.537255e-03	5.098341e-05	1
1.0	1:197596505:C:T	197596505	0	2.537255e-03	5.098341e-05	1
1.0	1:197597469:C:T	197597469	0	2.537255e-03	5.098341e-05	1
1.0	1:197598092:A:C	197598092	0	-3.398761e-04	-6.874114e-06	1
1.0	1:197598133:A:C	197598133	0	-2.802151e-03	-5.656291e-05	1
1.0	1:197598134:C:A	197598134	0	-2.714012e-03	-5.480009e-05	1
1.0	1:197598249:C:T	197598249	0	2.537255e-03	5.098341e-05	1
1.0	1:197599030:T:C	197599030	0	1.697021e-03	3.396247e-05	1
1.0	1:197599552:T:C	197599552	0	2.537255e-03	5.098340e-05	1
1.0	1:197601092:T:C	197601092	0	2.537255e-03	5.098340e-05	1
1.0	1:197601668:C:A	197601668	0	2.537255e-03	5.098340e-05	1
1.0	1:197601985:GT:G	197601985	0	2.537255e-03	5.098340e-05	1
1.0	1:197601988:CTCAATAACCA:C	197601988	0	2.537255e-03	5.098339e-05	1
1.0	1:197603870:C:A	197603870	0	-6.284970e-04	-1.236857e-05	1
1.0	1:197604105:CA:C	197604105	0	2.537255e-03	5.098339e-05	1
1.0	1:197604346:C:T	197604346	0	2.485667e-03	4.995485e-05	1
1.0	1:197604580:C:T	197604580	0	2.347184e-04	4.800367e-06	1
1.0	1:197606708:C:T	197606708	0	2.537255e-03	5.098339e-05	1
1.0	1:197607459:C:T	197607459	0	2.584497e-03	5.313645e-05	1
1.0	1:197607538:C:T	197607538	0	-2.064232e-03	-4.239036e-05	1
1.0	1:197608612:C:T	197608612	0	-6.492007e-04	-1.296111e-05	1
1.0	1:197609340:C:T	197609340	0	6.783207e-03	1.387255e-04	1
1.0	1:197611682:C:A	197611682	0	-1.697021e-03	-3.396246e-05	1
1.0	1:197612109:AT:A	197612109	0	2.742833e-03	5.513912e-05	1
1.0	1:197612247:A:C	197612247	0	1.538452e-04	3.122281e-06	1
1.0	1:197612551:T:G	197612551	0	2.537255e-03	5.098338e-05	1
1.0	1:197612759:A:G	197612759	0	2.537255e-03	5.098338e-05	1
1.0	1:197612994:A:G	197612994	0	2.742651e-03	5.513546e-05	1
1.0	1:197613756:ACCT:A	197613756	0	2.537255e-03	5.098338e-05	1
1.0	1:197613889:T:C	197613889	0	7.050313e-04	1.447818e-05	1
1.0	1:197615058:C:T	197615058	0	2.285507e-03	4.511519e-05	1
1.0	1:197615130:A:G	197615130	0	-3.133325e-03	-6.247252e-05	1
1.0	1:197615193:G:A	197615193	0	2.024516e-03	4.114320e-05	1
1.0	1:197615391:C:T	197615391	0	3.131713e-03	6.299582e-05	1
1.0	1:197615669:A:C	197615669	0	-5.391874e-03	-1.096752e-04	1
1.0	1:197617436:T:C	197617436	0	-2.117365e-04	-4.291084e-06	1
1.0	1:197618445:T:C	197618445	0	9.532356e-03	1.983868e-04	1
1.0	1:197619068:T:C	197619068	0	2.342282e-03	4.706249e-05	1
1.0	1:197619932:C:T	197619932	0	2.488119e-03	5.000693e-05	1
1.0	1:197621237:G:C	197621237	0	8.573074e-04	1.758968e-05	1
1.0	1:197622434:T:A	197622434	0	-4.118900e-03	-8.458209e-05	1
1.0	1:197622528:C:A	197622528	0	1.316487e-03	2.608713e-05	1
1.0	1:197623055:G:A	197623055	0	-4.924964e-03	-1.011922e-04	1
1.0	1:197623633:G:A	197623633	0	-4.924964e-03	-1.011922e-04	1
1.0	1:197624722:C:T	197624722	0	8.254704e-03	1.705043e-04	1
1.0	1:197624909:G:A	197624909	0	-2.260373e-03	-4.645456e-05	1
1.0	1:197625313:T:A	197625313	0	-3.103958e-03	-6.310429e-05	1
1.0	1:197626708:A:C	197626708	0	-2.537255e-03	-5.098337e-05	1
1.0	1:197626823:T:C	197626823	0	-3.565771e-03	-7.174551e-05	1
1.0	1:197628029:T:A	197628029	0	4.085528e-03	8.157731e-05	1
1.0	1:197629342:C:T	197629342	0	-1.317483e-03	-2.640020e-05	1
1.0	1:197631141:G:A	197631141	0	3.063570e-03	6.163993e-05	1
1.0	1:197631657:A:G	197631657	0	1.084175e-03	2.226949e-05	1
1.0	1:197632910:C:T	197632910	0	-2.935115e-03	-5.902035e-05	1
1.0	1:197634871:A:G	197634871	0	-1.005345e-03	-2.062969e-05	1
1.0	1:197635605:G:A	197635605	0	-2.537255e-03	-5.098336e-05	1
1.0	1:197637993:AT:A	197637993	0	-1.016099e-03	-2.035820e-05	1
1.0	1:197638716:G:A	197638716	0	-1.309522e-03	-2.626877e-05	1
1.0	1:197639240:AATAGTT:A	197639240	0	-2.210924e-03	-4.442485e-05	1
1.0	1:197639486:CTA:C	197639486	0	-8.565533e-04	-1.687242e-05	1
1.0	1:197640970:G:A	197640970	0	-1.845158e-03	-3.788170e-05	1
1.0	1:197644581:T:C	197644581	0	-4.100460e-03	-8.259837e-05	1
1.0	1:197644773:C:T	197644773	0	-6.284970e-04	-1.236858e-05	1
1.0	1:197645449:T:A	197645449	0	-1.863466e-03	-3.730245e-05	1
1.0	1:197646544:C:T	197646544	0	-3.103958e-03	-6.310428e-05	1
1.0	1:197649327:CTCTA:C	197649327	0	-1.207268e-03	-2.414519e-05	1
1.0	1:197649941:A:G	197649941	0	-2.117365e-04	-4.291080e-06	1
1.0	1:197650505:A:G	197650505	0	-3.048826e-03	-6.131550e-05	1
1.0	1:197652602:T:C	197652602	0	-2.537255e-03	-5.098335e-05	1
1.0	1:197653036:T:G	197653036	0	-2.537255e-03	-5.098335e-05	1
1.0	1:197653854:A:G	197653854	0	6.868215e-04	1.405372e-05	1
1.0	1:197657149:G:A	197657149	0	-2.537255e-03	-5.098335e-05	1
1.0	1:197657361:C:A	197657361	0	-2.537255e-03	-5.098334e-05	1
1.0	1:197658799:C:T	197658799	0	-2.537255e-03	-5.098334e-05	1
1.0	1:197659263:T:C	197659263	0	-6.284970e-04	-1.236858e-05	1
1.0	1:197659555:A:G	197659555	0	-2.537255e-03	-5.098334e-05	1
1.0	1:197660008:CA:C	197660008	0	-2.550381e-03	-5.124778e-05	1
1.0	1:197660143:C:G	197660143	0	-1.604581e-03	-3.223483e-05	1
1.0	1:197661576:T:C	197661576	0	-1.248457e-03	-2.564099e-05	1
1.0	1:197661907:C:T	197661907	0	-2.260373e-03	-4.645456e-05	1
1.0	1:197663354:T:G	197663354	0	-2.271094e-03	-4.667539e-05	1
1.0	1:197664395:G:A	197664395	0	7.998113e-04	1.611986e-05	1
1.0	1:197664819:A:AT	197664819	0	3.702687e-03	7.473916e-05	1
1.0	1:197664936:A:C	197664936	0	-9.292126e-04	-1.908204e-05	1
1.0	1:197665307:T:C	197665307	0	-4.230977e-03	-8.689895e-05	1
1.0	1:197666111:G:A	197666111	0	-2.134429e-03	-4.292104e-05	1
1.0	1:197668565:C:G	197668565	0	-1.560017e-03	-3.128582e-05	1
1.0	1:197669329:C:T	197669329	0	-6.180532e-04	-1.264410e-05	1
1.0	1:197670673:C:G	197670673	0	-1.154153e-03	-2.367410e-05	1
1.0	1:197671115:C:T	197671115	0	-1.522245e-03	-3.046699e-05	1
1.0	1:197671853:T:C	197671853	0	8.573074e-04	1.758968e-05	1
1.0	1:197674188:T:C	197674188	0	2.347184e-04	4.800364e-06	1
1.0	1:197674344:T:C	197674344	0	-1.898753e-03	-3.763917e-05	1
1.0	1:197675371:G:T	197675371	0	8.616126e-04	1.767822e-05	1
1.0	1:197676205:A:G	197676205	0	5.517333e-03	1.121963e-04	1
1.0	1:197683590:C:T	197683590	0	-2.707219e-03	-5.453227e-05	1
1.0	1:197683734:A:C	197683734	0	-3.700094e-03	-7.544805e-05	1
1.0	1:197683807:G:C	197683807	0	-2.537255e-03	-5.098333e-05	1
1.0	1:197684499:T:C	197684499	0	-3.630519e-03	-7.310894e-05	1
1.0	1:197685151:C:T	197685151	0	-2.831993e-03	-5.696084e-05	1
1.0	1:197685827:T:C	197685827	0	7.134606e-03	1.459696e-04	1
1.0	1:197687255:T:C	197687255	0	1.315932e-04	2.687883e-06	1
1.0	1:197688956:A:G	197688956	0	2.343552e-03	4.813376e-05	1
1.0	1:197689698:T:TG	197689698	0	-2.537255e-03	-5.098332e-05	1
1.0	1:197689967:T:C	197689967	0	-1.908758e-03	-3.784135e-05	1
1.0	1:197690664:T:TG	197690664	0	-2.537255e-03	-5.098332e-05	1
1.0	1:197691802:A:G	197691802	0	1.167806e-03	2.398385e-05	1
1.0	1:197692318:A:G	197692318	0	-3.024533e-03	-6.202968e-05	1
1.0	1:197693127:G:A	197693127	0	-3.033799e-03	-6.103277e-05	1
1.0	1:197693266:C:T	197693266	0	-5.770659e-04	-1.168934e-05	1
1.0	1:197693782:T:C	197693782	0	4.151935e-03	8.266844e-05	1
1.0	1:197694037:A:C	197694037	0	-2.347446e-03	-4.716642e-05	1
1.0	1:197695451:T:C	197695451	0	4.966054e-04	1.017750e-05	1
1.0	1:197696572:G:A	197696572	0	-2.117365e-04	-4.291074e-06	1
1.0	1:197697626:C:T	197697626	0	4.286462e-03	8.427210e-05	1
1.0	1:197698103:T:C	197698103	0	-1.426287e-03	-2.863945e-05	1
1.0	1:197698901:T:C	197698901	0	-1.146145e-03	-2.350951e-05	1
1.0	1:197699699:C:T	197699699	0	-1.829087e-03	-3.675632e-05	1
1.0	1:197700895:T:C	197700895	0	1.541802e-04	3.098565e-06	1
1.0	1:197701279:G:C	197701279	0	-5.923261e-05	-1.145529e-06	1
1.0	1:197701376:G:C	197701376	0	-5.923261e-05	-1.145525e-06	1
1.0	1:197701669:G:C	197701669	0	-1.020068e-03	-2.027323e-05	1
1.0	1:197701992:C:T	197701992	0	-4.922775e-05	-9.470567e-07	1
1.0	1:197702225:G:C	197702225	0	-1.000006e-03	-2.007355e-05	1
1.0	1:197702401:C:T	197702401	0	-4.366303e-05	-8.404732e-07	1
1.0	1:197702476:G:C	197702476	0	-1.077631e-04	-2.119962e-06	1
1.0	1:197703895:T:C	197703895	0	-3.551954e-03	-7.284051e-05	1
1.0	1:197704717:C:T	197704717	0	-6.391959e-04	-1.276479e-05	1
1.0	1:197706926:GAA:G	197706926	0	1.215502e-05	2.117987e-07	1
1.0	1:197707150:GCCT:G	197707150	0	-3.276108e-03	-6.557724e-05	1
1.0	1:197708114:G:A	197708114	0	1.215502e-05	2.117946e-07	1
1.0	1:197708342:G:T	197708342	0	-2.749287e-03	-5.500671e-05	1
1.0	1:197708877:G:T	197708877	0	-5.604402e-04	-1.136913e-05	1
1.0	1:197709961:G:A	197709961	0	2.972028e-03	6.062165e-05	1
1.0	1:197710246:T:C	197710246	0	-6.805523e-04	-1.353881e-05	1
1.0	1:197711492:C:T	197711492	0	-1.578137e-03	-3.163512e-05	1
1.0	1:197711668:T:C	197711668	0	-1.185473e-03	-2.375237e-05	1
1.0	1:197712400:A:C	197712400	0	-1.185473e-03	-2.375237e-05	1
1.0	1:197712529:TA:T	197712529	0	-1.185473e-03	-2.375237e-05	1
1.0	1:197712532:A:C	197712532	0	-1.185473e-03	-2.375236e-05	1
1.0	1:197713783:C:T	197713783	0	-1.426287e-03	-2.863944e-05	1
