chr	rs	ps	n_miss	b	beta	gamma
1.0	1:197126649:G:A	197126649	0	-2.502885e-03	-1.111701e-04	1
1.0	1:197127041:CA:C	197127041	0	-1.773156e-04	-7.815668e-06	1
1.0	1:197127491:A:C	197127491	0	-2.273321e-03	-1.003543e-04	1
1.0	1:197127578:A:G	197127578	0	2.651566e-03	1.191088e-04	1
1.0	1:197128358:T:C	197128358	0	1.572216e-03	7.045102e-05	1
1.0	1:197128726:G:A	197128726	0	-2.151390e-03	-9.478783e-05	1
1.0	1:197129597:G:A	197129597	0	1.572216e-03	7.045102e-05	1
1.0	1:197129981:C:T	197129981	0	-2.151390e-03	-9.478783e-05	1
1.0	1:197130577:T:TTTGTTAAATATTA	197130577	0	-2.548950e-04	-1.123134e-05	1
1.0	1:197130742:G:GAAGT	197130742	0	-7.473642e-04	-3.292010e-05	1
1.0	1:197130983:A:T	197130983	0	-7.614183e-04	-3.380297e-05	1
1.0	1:197131374:G:A	197131374	0	1.405343e-04	6.025205e-06	1
1.0	1:197131655:T:C	197131655	0	-2.399895e-04	-1.057351e-05	1
1.0	1:197131701:G:A	197131701	0	-5.286166e-04	-2.269394e-05	1
1.0	1:197131790:C:G	197131790	0	-2.888342e-04	-1.240521e-05	1
1.0	1:197132378:G:A	197132378	0	-2.786849e-04	-1.228373e-05	1
1.0	1:197134567:G:A	197134567	0	-9.924594e-04	-4.429663e-05	1
1.0	1:197134657:G:A	197134657	0	-5.286166e-04	-2.269394e-05	1
1.0	1:197134909:A:T	197134909	0	-1.705914e-04	-7.612162e-06	1
1.0	1:197135226:C:T	197135226	0	-9.460197e-04	-4.218346e-05	1
1.0	1:197135466:C:A	197135466	0	5.950976e-04	2.553472e-05	1
1.0	1:197135643:C:T	197135643	0	-7.869985e-04	-3.385684e-05	1
1.0	1:197136645:T:C	197136645	0	-5.020209e-06	-2.203707e-07	1
1.0	1:197136779:T:TA	197136779	0	1.155411e-04	5.152950e-06	1
1.0	1:197137448:C:T	197137448	0	-1.382798e-03	-6.101462e-05	1
1.0	1:197137753:A:G	197137753	0	-2.380552e-04	-1.022767e-05	1
1.0	1:197139390:C:CT	197139390	0	4.773507e-05	2.104894e-06	1
1.0	1:197141243:A:C	197141243	0	-1.216023e-03	-5.386142e-05	1
1.0	1:197141251:C:A	197141251	0	-3.264656e-04	-1.456096e-05	1
1.0	1:197141253:A:C	197141253	0	-1.184622e-03	-5.187247e-05	1
1.0	1:197141261:A:G	197141261	0	1.172844e-03	5.233054e-05	1
1.0	1:197141956:T:C	197141956	0	-6.474151e-04	-2.783155e-05	1
1.0	1:197141988:G:T	197141988	0	2.078282e-03	9.089487e-05	1
1.0	1:197143246:G:A	197143246	0	-5.286166e-04	-2.269393e-05	1
1.0	1:197143278:C:T	197143278	0	-5.020209e-06	-2.203705e-07	1
1.0	1:197143279:A:C	197143279	0	-5.020209e-06	-2.203704e-07	1
1.0	1:197143618:G:A	197143618	0	-4.371559e-05	-1.924766e-06	1
1.0	1:197144383:T:G	197144383	0	-1.814622e-04	-7.993636e-06	1
1.0	1:197145382:C:G	197145382	0	-5.864078e-07	-2.521611e-08	1
1.0	1:197145413:T:C	197145413	0	-5.248419e-04	-2.253242e-05	1
1.0	1:197145999:C:A	197145999	0	-5.286166e-04	-2.269393e-05	1
1.0	1:197146144:A:C	197146144	0	-5.020209e-06	-2.203700e-07	1
1.0	1:197147471:A:C	197147471	0	-4.209997e-04	-1.806890e-05	1
1.0	1:197147516:C:T	197147516	0	3.082244e-04	1.375498e-05	1
1.0	1:197147800:T:A	197147800	0	-1.550767e-04	-6.657578e-06	1
1.0	1:197148577:T:C	197148577	0	-1.787312e-04	-7.673450e-06	1
1.0	1:197148599:T:C	197148599	0	-3.226034e-04	-1.421680e-05	1
1.0	1:197148761:T:C	197148761	0	-4.371559e-05	-1.924765e-06	1
1.0	1:197150638:A:G	197150638	0	-4.371559e-05	-1.924765e-06	1
1.0	1:197150731:A:G	197150731	0	-9.198493e-04	-4.110076e-05	1
1.0	1:197151246:C:T	197151246	0	-5.020209e-06	-2.203694e-07	1
1.0	1:197151459:TAAC:T	197151459	0	2.674986e-03	1.177873e-04	1
1.0	1:197151626:C:CA	197151626	0	5.235964e-04	2.247739e-05	1
1.0	1:197151712:G:A	197151712	0	-1.289535e-03	-5.760878e-05	1
1.0	1:197151776:C:T	197151776	0	8.818528e-04	3.919760e-05	1
1.0	1:197152149:A:C	197152149	0	-4.371559e-05	-1.924766e-06	1
1.0	1:197153188:A:G	197153188	0	-4.371559e-05	-1.924766e-06	1
1.0	1:197153767:T:C	197153767	0	-2.351066e-03	-1.040951e-04	1
1.0	1:197154837:C:A	197154837	0	-6.001179e-04	-2.578106e-05	1
1.0	1:197155021:A:G	197155021	0	5.950976e-04	2.553471e-05	1
1.0	1:197155786:G:T	197155786	0	-4.922957e-04	-2.114211e-05	1
1.0	1:197155951:G:T	197155951	0	-1.736233e-03	-7.626738e-05	1
1.0	1:197156055:C:T	197156055	0	5.950976e-04	2.553470e-05	1
1.0	1:197157894:T:A	197157894	0	2.746487e-03	1.210427e-04	1
1.0	1:197158599:C:T	197158599	0	2.746487e-03	1.210427e-04	1
1.0	1:197159112:C:G	197159112	0	-5.020209e-06	-2.203707e-07	1
1.0	1:197159347:G:A	197159347	0	-2.151390e-03	-9.478783e-05	1
1.0	1:197160315:C:T	197160315	0	-6.172404e-04	-2.650723e-05	1
1.0	1:197160338:C:T	197160338	0	5.235964e-04	2.247738e-05	1
1.0	1:197161212:T:G	197161212	0	-5.020209e-06	-2.203705e-07	1
1.0	1:197161428:T:C	197161428	0	-4.371559e-05	-1.924766e-06	1
1.0	1:197162552:T:C	197162552	0	2.378923e-04	1.061491e-05	1
1.0	1:197162563:A:C	197162563	0	1.179684e-03	5.124561e-05	1
1.0	1:197163928:A:T	197163928	0	1.277940e-03	5.554270e-05	1
1.0	1:197165014:G:A	197165014	0	1.328609e-03	5.777043e-05	1
1.0	1:197165186:C:T	197165186	0	7.088452e-05	3.122458e-06	1
1.0	1:197165267:G:A	197165267	0	1.009392e-03	4.358901e-05	1
1.0	1:197165712:C:T	197165712	0	4.679675e-04	2.013525e-05	1
1.0	1:197166052:G:C	197166052	0	-1.475689e-03	-6.399795e-05	1
1.0	1:197166080:T:TC	197166080	0	5.315413e-05	2.342865e-06	1
1.0	1:197166386:T:A	197166386	0	-7.688521e-04	-3.395931e-05	1
1.0	1:197167465:C:T	197167465	0	-7.056910e-04	-3.085465e-05	1
1.0	1:197170027:A:G	197170027	0	1.612912e-04	6.949834e-06	1
1.0	1:197170552:TGA:T	197170552	0	5.315413e-05	2.342866e-06	1
1.0	1:197171088:A:G	197171088	0	7.817736e-04	3.493685e-05	1
1.0	1:197174647:T:C	197174647	0	2.604118e-03	1.153520e-04	1
1.0	1:197175214:G:A	197175214	0	-1.981753e-03	-8.618378e-05	1
1.0	1:197175487:G:A	197175487	0	-8.479638e-04	-3.790523e-05	1
1.0	1:197176159:T:C	197176159	0	-1.887693e-03	-8.210602e-05	1
1.0	1:197176169:G:T	197176169	0	2.619885e-04	1.136393e-05	1
1.0	1:197176370:A:G	197176370	0	-5.338536e-04	-2.381636e-05	1
1.0	1:197176536:C:T	197176536	0	-1.157108e-04	-4.981166e-06	1
1.0	1:197177632:A:G	197177632	0	2.604118e-03	1.153520e-04	1
1.0	1:197177787:T:G	197177787	0	-1.918088e-03	-8.335605e-05	1
1.0	1:197178538:C:T	197178538	0	-5.338536e-04	-2.381636e-05	1
1.0	1:197178620:C:T	197178620	0	1.403073e-04	6.038584e-06	1
1.0	1:197179651:G:A	197179651	0	-5.572636e-04	-2.482505e-05	1
1.0	1:197179710:C:T	197179710	0	1.016119e-04	4.373158e-06	1
1.0	1:197179795:A:C	197179795	0	-4.845781e-05	-2.100655e-06	1
1.0	1:197180369:A:T	197180369	0	2.058396e-03	9.019022e-05	1
1.0	1:197180924:G:A	197180924	0	5.636078e-04	2.450911e-05	1
1.0	1:197180938:A:AT	197180938	0	2.593419e-04	1.118543e-05	1
1.0	1:197181320:G:T	197181320	0	-2.120972e-03	-9.241656e-05	1
1.0	1:197181860:A:G	197181860	0	1.963611e-03	8.596848e-05	1
1.0	1:197181988:C:T	197181988	0	7.817736e-04	3.493685e-05	1
1.0	1:197183656:G:A	197183656	0	-1.918088e-03	-8.335604e-05	1
1.0	1:197183788:T:TA	197183788	0	8.712793e-05	3.868514e-06	1
1.0	1:197184935:C:T	197184935	0	-3.612112e-04	-1.611128e-05	1
1.0	1:197185649:C:T	197185649	0	1.054964e-04	4.541529e-06	1
1.0	1:197186449:A:G	197186449	0	1.338681e-03	5.975481e-05	1
1.0	1:197187605:C:T	197187605	0	1.016119e-04	4.373161e-06	1
1.0	1:197187779:C:T	197187779	0	5.315413e-05	2.342866e-06	1
1.0	1:197187956:G:A	197187956	0	2.421439e-03	1.067373e-04	1
1.0	1:197188664:A:G	197188664	0	5.315413e-05	2.342866e-06	1
1.0	1:197188908:T:C	197188908	0	5.315413e-05	2.342866e-06	1
1.0	1:197189447:T:C	197189447	0	1.403073e-04	6.038587e-06	1
1.0	1:197189827:C:T	197189827	0	1.572216e-03	7.045103e-05	1
1.0	1:197190675:A:C	197190675	0	-4.845781e-05	-2.100658e-06	1
1.0	1:197191330:A:C	197191330	0	7.817736e-04	3.493685e-05	1
1.0	1:197192913:A:G	197192913	0	2.058396e-03	9.019021e-05	1
1.0	1:197192918:T:C	197192918	0	-4.845781e-05	-2.100658e-06	1
1.0	1:197193645:T:G	197193645	0	-1.997748e-04	-8.911912e-06	1
1.0	1:197194270:T:G	197194270	0	7.817736e-04	3.493685e-05	1
1.0	1:197194271:C:A	197194271	0	7.817736e-04	3.493685e-05	1
1.0	1:197194500:A:T	197194500	0	1.089587e-03	4.858147e-05	1
1.0	1:197195061:G:A	197195061	0	-4.845781e-05	-2.100658e-06	1
1.0	1:197195279:T:C	197195279	0	-4.845781e-05	-2.100659e-06	1
1.0	1:197195650:C:T	197195650	0	1.016119e-04	4.373161e-06	1
1.0	1:197197644:A:G	197197644	0	5.315413e-05	2.342866e-06	1
1.0	1:197197708:A:G	197197708	0	-1.667113e-03	-7.300077e-05	1
1.0	1:197198217:C:T	197198217	0	-2.257458e-03	-1.011918e-04	1
1.0	1:197198425:C:T	197198425	0	8.906977e-04	3.955591e-05	1
1.0	1:197198558:T:C	197198558	0	5.315413e-05	2.342866e-06	1
1.0	1:197198563:C:A	197198563	0	5.315413e-05	2.342866e-06	1
1.0	1:197198733:C:T	197198733	0	1.016119e-04	4.373162e-06	1
1.0	1:197199434:T:G	197199434	0	2.058396e-03	9.019020e-05	1
1.0	1:197201223:G:A	197201223	0	1.349647e-04	6.014508e-06	1
1.0	1:197201796:C:A	197201796	0	-1.918088e-03	-8.335603e-05	1
1.0	1:197201860:G:A	197201860	0	-8.068795e-04	-3.601145e-05	1
1.0	1:197204142:A:G	197204142	0	1.212243e-03	5.425659e-05	1
1.0	1:197207605:A:G	197207605	0	3.236557e-04	1.401344e-05	1
1.0	1:197207702:G:A	197207702	0	-8.360997e-04	-3.731794e-05	1
1.0	1:197208161:CT:C	197208161	0	3.779223e-04	1.636780e-05	1
1.0	1:197210017:A:G	197210017	0	3.236557e-04	1.401344e-05	1
1.0	1:197210208:T:C	197210208	0	-1.506099e-03	-6.513938e-05	1
1.0	1:197210990:A:G	197210990	0	9.041984e-04	3.929807e-05	1
1.0	1:197211719:T:C	197211719	0	-5.930916e-04	-2.646496e-05	1
1.0	1:197211977:C:T	197211977	0	3.176400e-04	1.375509e-05	1
1.0	1:197214088:A:G	197214088	0	-1.918088e-03	-8.335602e-05	1
1.0	1:197214777:T:G	197214777	0	3.236557e-04	1.401344e-05	1
1.0	1:197215176:G:A	197215176	0	3.236557e-04	1.401344e-05	1
1.0	1:197215673:T:C	197215673	0	3.236557e-04	1.401344e-05	1
1.0	1:197216219:C:T	197216219	0	-1.918088e-03	-8.335601e-05	1
1.0	1:197216632:A:G	197216632	0	4.252676e-04	1.875411e-05	1
1.0	1:197216681:G:A	197216681	0	2.058396e-03	9.019020e-05	1
1.0	1:197216966:T:C	197216966	0	-1.918088e-03	-8.335601e-05	1
1.0	1:197217206:T:G	197217206	0	1.990768e-03	8.943428e-05	1
1.0	1:197217327:T:C	197217327	0	1.990768e-03	8.943428e-05	1
1.0	1:197218051:G:A	197218051	0	4.614763e-04	2.036150e-05	1
1.0	1:197218422:C:T	197218422	0	1.338681e-03	5.975481e-05	1
1.0	1:197218799:A:G	197218799	0	6.016991e-04	2.612701e-05	1
1.0	1:197219127:T:C	197219127	0	2.058396e-03	9.019019e-05	1
1.0	1:197219577:C:G	197219577	0	-3.452374e-04	-1.538286e-05	1
1.0	1:197220598:A:T	197220598	0	3.792740e-04	1.672515e-05	1
1.0	1:197221248:C:T	197221248	0	8.516932e-04	3.700732e-05	1
1.0	1:197221406:T:C	197221406	0	2.782047e-04	1.198940e-05	1
1.0	1:197221904:A:G	197221904	0	2.790492e-04	1.231390e-05	1
1.0	1:197223447:A:G	197223447	0	5.919019e-04	2.635765e-05	1
1.0	1:197224759:G:A	197224759	0	-5.338536e-04	-2.381636e-05	1
1.0	1:197226009:T:C	197226009	0	-1.178061e-04	-5.071827e-06	1
1.0	1:197226274:G:A	197226274	0	2.058396e-03	9.019019e-05	1
1.0	1:197227033:G:A	197227033	0	3.236557e-04	1.401343e-05	1
1.0	1:197228399:G:A	197228399	0	-5.187249e-05	-2.239770e-06	1
1.0	1:197229346:A:AAC	197229346	0	1.262811e-03	5.623454e-05	1
1.0	1:197231811:C:G	197231811	0	-2.034985e-03	-8.863421e-05	1
1.0	1:197232058:G:A	197232058	0	7.817736e-04	3.493685e-05	1
1.0	1:197232855:G:A	197232855	0	3.236557e-04	1.401343e-05	1
1.0	1:197233086:A:G	197233086	0	1.928519e-04	8.348930e-06	1
1.0	1:197233413:A:G	197233413	0	3.236557e-04	1.401343e-05	1
1.0	1:197235524:C:A	197235524	0	1.075766e-04	4.631044e-06	1
1.0	1:197235697:A:C	197235697	0	5.164517e-04	2.226169e-05	1
1.0	1:197235926:C:T	197235926	0	3.236557e-04	1.401343e-05	1
1.0	1:197236152:C:T	197236152	0	3.082244e-04	1.375498e-05	1
1.0	1:197237937:G:A	197237937	0	-2.258427e-03	-9.855820e-05	1
1.0	1:197238736:G:A	197238736	0	-2.258427e-03	-9.855819e-05	1
1.0	1:197238849:C:G	197238849	0	3.236557e-04	1.401343e-05	1
1.0	1:197240482:G:A	197240482	0	3.236557e-04	1.401343e-05	1
1.0	1:197240501:C:G	197240501	0	1.212243e-03	5.425659e-05	1
1.0	1:197240942:TC:T	197240942	0	-4.026115e-05	-1.745331e-06	1
1.0	1:197242872:C:G	197242872	0	-2.412520e-03	-1.055347e-04	1
1.0	1:197242933:G:C	197242933	0	-2.412520e-03	-1.055347e-04	1
1.0	1:197243395:C:A	197243395	0	6.354394e-04	2.758787e-05	1
1.0	1:197243571:A:C	197243571	0	1.304928e-03	5.816239e-05	1
1.0	1:197244096:A:T	197244096	0	-2.412765e-03	-1.055457e-04	1
1.0	1:197244197:T:C	197244197	0	6.355554e-04	2.759291e-05	1
1.0	1:197244290:G:A	197244290	0	2.305020e-03	1.014603e-04	1
1.0	1:197244456:C:G	197244456	0	7.817736e-04	3.493685e-05	1
1.0	1:197245860:A:G	197245860	0	1.016119e-04	4.373184e-06	1
1.0	1:197246217:T:G	197246217	0	5.919019e-04	2.635765e-05	1
1.0	1:197246414:C:T	197246414	0	3.236557e-04	1.401342e-05	1
1.0	1:197246968:C:A	197246968	0	1.403073e-04	6.038611e-06	1
1.0	1:197247814:A:G	197247814	0	-2.258427e-03	-9.855818e-05	1
1.0	1:197248016:A:G	197248016	0	3.236557e-04	1.401342e-05	1
1.0	1:197250615:G:A	197250615	0	4.252676e-04	1.875412e-05	1
1.0	1:197253267:T:C	197253267	0	4.252676e-04	1.875412e-05	1
1.0	1:197254186:G:A	197254186	0	-1.667113e-03	-7.300079e-05	1
1.0	1:197254535:T:C	197254535	0	-1.156504e-03	-5.170406e-05	1
1.0	1:197255992:T:C	197255992	0	3.236557e-04	1.401342e-05	1
1.0	1:197256688:G:T	197256688	0	4.252676e-04	1.875412e-05	1
1.0	1:197256919:C:T	197256919	0	3.082244e-04	1.375498e-05	1
1.0	1:197257090:T:C	197257090	0	2.398734e-03	1.056864e-04	1
1.0	1:197257556:C:T	197257556	0	4.183054e-04	1.844780e-05	1
1.0	1:197257855:G:A	197257855	0	3.048516e-04	1.320226e-05	1
1.0	1:197257913:A:C	197257913	0	7.680946e-05	3.324865e-06	1
1.0	1:197258736:A:G	197258736	0	6.327676e-04	2.747164e-05	1
1.0	1:197260652:C:A	197260652	0	-2.388789e-03	-1.045221e-04	1
1.0	1:197261492:G:A	197261492	0	7.131031e-04	3.178860e-05	1
1.0	1:197261598:T:C	197261598	0	2.398734e-03	1.056864e-04	1
1.0	1:197262184:C:T	197262184	0	2.398734e-03	1.056864e-04	1
1.0	1:197263737:A:G	197263737	0	3.236557e-04	1.401342e-05	1
1.0	1:197263740:C:T	197263740	0	3.236557e-04	1.401342e-05	1
1.0	1:197263972:C:T	197263972	0	-2.446436e-05	-1.077239e-06	1
1.0	1:197265113:T:TTTCTC	197265113	0	-2.507222e-03	-1.103860e-04	1
1.0	1:197265563:CT:C	197265563	0	1.944330e-03	8.736620e-05	1
1.0	1:197265641:C:T	197265641	0	-2.842844e-03	-1.248083e-04	1
1.0	1:197265842:C:T	197265842	0	-5.457220e-04	-2.421992e-05	1
1.0	1:197265955:C:G	197265955	0	-5.457220e-04	-2.421992e-05	1
1.0	1:197266535:G:A	197266535	0	-2.258427e-03	-9.855816e-05	1
1.0	1:197266587:A:T	197266587	0	-2.519188e-03	-1.109164e-04	1
1.0	1:197266940:G:A	197266940	0	-5.457220e-04	-2.421992e-05	1
1.0	1:197267532:C:A	197267532	0	-2.804149e-03	-1.231496e-04	1
1.0	1:197268347:G:A	197268347	0	-3.452374e-04	-1.538286e-05	1
1.0	1:197268493:G:A	197268493	0	-2.258427e-03	-9.855815e-05	1
1.0	1:197268700:A:AT	197268700	0	-2.519188e-03	-1.109164e-04	1
1.0	1:197269674:G:T	197269674	0	-3.339492e-04	-1.489289e-05	1
1.0	1:197271300:C:G	197271300	0	-5.457220e-04	-2.421992e-05	1
1.0	1:197273689:T:C	197273689	0	-1.631488e-04	-7.262739e-06	1
1.0	1:197273692:G:A	197273692	0	-1.631488e-04	-7.262739e-06	1
1.0	1:197273981:T:C	197273981	0	3.236557e-04	1.401341e-05	1
1.0	1:197274689:G:T	197274689	0	3.082244e-04	1.375498e-05	1
1.0	1:197275153:G:A	197275153	0	1.984638e-03	8.914931e-05	1
1.0	1:197277205:GTA:G	197277205	0	-9.189144e-04	-4.058890e-05	1
1.0	1:197277907:A:G	197277907	0	1.458843e-03	6.522065e-05	1
1.0	1:197278293:T:C	197278293	0	-4.850540e-04	-2.110300e-05	1
1.0	1:197278655:C:T	197278655	0	-5.261551e-04	-2.336382e-05	1
1.0	1:197279209:G:A	197279209	0	3.236557e-04	1.401341e-05	1
1.0	1:197279771:A:G	197279771	0	-5.338536e-04	-2.381636e-05	1
1.0	1:197279780:T:G	197279780	0	9.010708e-04	4.002794e-05	1
1.0	1:197280295:A:C	197280295	0	-2.519188e-03	-1.109164e-04	1
1.0	1:197280358:C:T	197280358	0	-2.804149e-03	-1.231496e-04	1
1.0	1:197281307:A:G	197281307	0	-2.413338e-04	-1.077045e-05	1
1.0	1:197281941:A:G	197281941	0	-2.519188e-03	-1.109164e-04	1
1.0	1:197281954:T:A	197281954	0	-2.519188e-03	-1.109163e-04	1
1.0	1:197282079:T:C	197282079	0	-2.519188e-03	-1.109163e-04	1
1.0	1:197282109:A:T	197282109	0	3.236557e-04	1.401342e-05	1
1.0	1:197283185:C:T	197283185	0	-2.519188e-03	-1.109163e-04	1
1.0	1:197284714:C:T	197284714	0	-5.338536e-04	-2.381636e-05	1
1.0	1:197285416:A:G	197285416	0	-2.519188e-03	-1.109163e-04	1
1.0	1:197285535:C:CG	197285535	0	-2.519188e-03	-1.109163e-04	1
1.0	1:197288308:G:T	197288308	0	-2.783512e-03	-1.231839e-04	1
1.0	1:197289719:G:A	197289719	0	1.338681e-03	5.975480e-05	1
1.0	1:197289793:A:T	197289793	0	-3.612112e-04	-1.611129e-05	1
1.0	1:197290325:G:A	197290325	0	3.236557e-04	1.401342e-05	1
1.0	1:197291306:A:G	197291306	0	-2.519188e-03	-1.109163e-04	1
1.0	1:197291537:G:T	197291537	0	-5.261551e-04	-2.336382e-05	1
1.0	1:197291690:C:A	197291690	0	-2.277994e-03	-9.948528e-05	1
1.0	1:197291727:C:T	197291727	0	-1.435214e-03	-6.275509e-05	1
1.0	1:197291912:T:A	197291912	0	-2.277994e-03	-9.948527e-05	1
1.0	1:197292749:T:A	197292749	0	-2.519188e-03	-1.109163e-04	1
1.0	1:197293423:T:A	197293423	0	-9.460197e-04	-4.218344e-05	1
1.0	1:197293606:G:A	197293606	0	-2.519188e-03	-1.109163e-04	1
1.0	1:197294699:C:T	197294699	0	-2.519188e-03	-1.109163e-04	1
1.0	1:197295641:A:T	197295641	0	3.236557e-04	1.401342e-05	1
1.0	1:197295847:C:A	197295847	0	-3.452374e-04	-1.538286e-05	1
1.0	1:197295886:G:A	197295886	0	-2.327596e-03	-1.017169e-04	1
1.0	1:197295974:C:T	197295974	0	-1.745235e-03	-7.587820e-05	1
1.0	1:197296376:A:C	197296376	0	-8.165327e-04	-3.646719e-05	1
1.0	1:197297408:A:G	197297408	0	-2.519188e-03	-1.109163e-04	1
1.0	1:197297417:T:C	197297417	0	-2.804149e-03	-1.231495e-04	1
1.0	1:197297540:A:T	197297540	0	-2.277994e-03	-9.948526e-05	1
1.0	1:197298373:T:C	197298373	0	-2.519188e-03	-1.109163e-04	1
1.0	1:197298860:C:G	197298860	0	-2.519188e-03	-1.109163e-04	1
1.0	1:197299000:A:T	197299000	0	-2.519188e-03	-1.109163e-04	1
1.0	1:197299315:C:T	197299315	0	-1.586388e-03	-6.924966e-05	1
1.0	1:197299922:AC:A	197299922	0	-1.098988e-03	-4.810520e-05	1
1.0	1:197300267:A:G	197300267	0	-1.586388e-03	-6.924966e-05	1
1.0	1:197300496:A:G	197300496	0	-1.586388e-03	-6.924965e-05	1
1.0	1:197300995:A:C	197300995	0	-2.412034e-03	-1.056970e-04	1
1.0	1:197302140:A:T	197302140	0	-3.475754e-04	-1.551232e-05	1
1.0	1:197302402:T:G	197302402	0	-2.519188e-03	-1.109163e-04	1
1.0	1:197302665:A:G	197302665	0	-2.096075e-03	-9.160171e-05	1
1.0	1:197302690:A:G	197302690	0	-2.692545e-03	-1.188419e-04	1
1.0	1:197302717:T:C	197302717	0	7.484554e-05	3.301938e-06	1
1.0	1:197304081:T:G	197304081	0	-2.519188e-03	-1.109163e-04	1
1.0	1:197304361:C:G	197304361	0	-1.619772e-03	-7.030371e-05	1
1.0	1:197304932:C:A	197304932	0	-5.044757e-04	-2.249095e-05	1
1.0	1:197305049:GCCC:G	197305049	0	-1.619772e-03	-7.030370e-05	1
1.0	1:197305053:T:G	197305053	0	-1.619772e-03	-7.030370e-05	1
1.0	1:197305270:A:T	197305270	0	-2.519188e-03	-1.109163e-04	1
1.0	1:197305571:ATAT:A	197305571	0	-1.319278e-04	-5.739885e-06	1
1.0	1:197306099:C:T	197306099	0	-2.519188e-03	-1.109163e-04	1
1.0	1:197306247:T:C	197306247	0	5.079661e-04	2.259418e-05	1
1.0	1:197306404:T:G	197306404	0	1.981350e-03	8.900278e-05	1
1.0	1:197307120:C:T	197307120	0	-2.559046e-03	-1.128450e-04	1
1.0	1:197307318:A:T	197307318	0	-9.929079e-05	-4.322395e-06	1
1.0	1:197308081:G:T	197308081	0	-4.752423e-04	-2.111356e-05	1
1.0	1:197308507:G:A	197308507	0	-9.323247e-05	-4.057189e-06	1
1.0	1:197308740:G:A	197308740	0	-9.323247e-05	-4.057189e-06	1
1.0	1:197309594:G:T	197309594	0	-2.519188e-03	-1.109163e-04	1
1.0	1:197309603:T:C	197309603	0	-2.529430e-03	-1.113958e-04	1
1.0	1:197309622:GA:G	197309622	0	-1.619772e-03	-7.030369e-05	1
1.0	1:197310096:T:C	197310096	0	-2.631004e-03	-1.159933e-04	1
1.0	1:197310367:A:G	197310367	0	-2.795527e-04	-1.216125e-05	1
1.0	1:197310747:G:A	197310747	0	1.227354e-03	5.446574e-05	1
1.0	1:197310777:G:T	197310777	0	-1.419870e-03	-6.231928e-05	1
1.0	1:197311228:T:C	197311228	0	-1.576557e-03	-6.866979e-05	1
1.0	1:197311241:C:T	197311241	0	1.081854e-03	4.733479e-05	1
1.0	1:197311971:T:C	197311971	0	-5.392324e-04	-2.368637e-05	1
1.0	1:197312162:C:G	197312162	0	1.210413e-03	5.291918e-05	1
1.0	1:197312434:A:T	197312434	0	-5.392324e-04	-2.368637e-05	1
1.0	1:197312742:T:A	197312742	0	-5.005371e-04	-2.199345e-05	1
1.0	1:197312942:A:C	197312942	0	3.989269e-04	1.755762e-05	1
1.0	1:197313739:A:G	197313739	0	1.110773e-03	4.949819e-05	1
1.0	1:197314384:G:A	197314384	0	3.989269e-04	1.755762e-05	1
1.0	1:197314588:G:A	197314588	0	-1.042825e-04	-4.654152e-06	1
1.0	1:197315402:C:T	197315402	0	1.436866e-03	6.293736e-05	1
1.0	1:197316239:C:G	197316239	0	1.210413e-03	5.291918e-05	1
1.0	1:197316408:T:G	197316408	0	-5.392324e-04	-2.368637e-05	1
1.0	1:197316435:T:C	197316435	0	1.210413e-03	5.291918e-05	1
1.0	1:197316644:C:T	197316644	0	7.126892e-04	3.177108e-05	1
1.0	1:197316970:T:TAA	197316970	0	1.243827e-03	5.404242e-05	1
1.0	1:197317088:C:CTT	197317088	0	-5.268342e-04	-2.314251e-05	1
1.0	1:197317238:G:A	197317238	0	-3.008397e-04	-1.301566e-05	1
1.0	1:197317546:G:A	197317546	0	-3.429264e-04	-1.529549e-05	1
1.0	1:197317668:G:A	197317668	0	7.126892e-04	3.177108e-05	1
1.0	1:197318034:T:TTTTAA	197318034	0	-5.392324e-04	-2.368637e-05	1
1.0	1:197318153:C:T	197318153	0	8.828595e-04	3.947090e-05	1
1.0	1:197318309:A:G	197318309	0	-5.005371e-04	-2.199345e-05	1
1.0	1:197319799:A:G	197319799	0	-1.217291e-04	-5.403040e-06	1
1.0	1:197320786:T:A	197320786	0	1.210413e-03	5.291917e-05	1
1.0	1:197321440:C:T	197321440	0	-5.005371e-04	-2.199345e-05	1
1.0	1:197321451:A:G	197321451	0	3.989269e-04	1.755762e-05	1
1.0	1:197322520:C:G	197322520	0	1.210413e-03	5.291917e-05	1
1.0	1:197323727:C:T	197323727	0	3.989269e-04	1.755762e-05	1
1.0	1:197324195:T:G	197324195	0	1.210413e-03	5.291917e-05	1
1.0	1:197324200:T:G	197324200	0	2.078223e-03	9.155727e-05	1
1.0	1:197324562:G:A	197324562	0	3.989269e-04	1.755761e-05	1
1.0	1:197324983:T:C	197324983	0	3.602315e-04	1.584690e-05	1
1.0	1:197325908:T:G	197325908	0	1.348836e-03	5.912751e-05	1
1.0	1:197326373:T:C	197326373	0	3.989269e-04	1.755761e-05	1
1.0	1:197326492:A:T	197326492	0	-2.892013e-04	-1.288712e-05	1
1.0	1:197326609:C:CT	197326609	0	1.830834e-03	7.970014e-05	1
1.0	1:197327001:T:TA	197327001	0	9.301571e-04	4.132030e-05	1
1.0	1:197327399:C:T	197327399	0	3.989269e-04	1.755761e-05	1
1.0	1:197327547:C:A	197327547	0	5.467259e-05	2.432873e-06	1
1.0	1:197327930:GGTCAAAT:G	197327930	0	1.749646e-03	7.595458e-05	1
1.0	1:197329041:A:T	197329041	0	1.348836e-03	5.912750e-05	1
1.0	1:197329275:T:C	197329275	0	1.888068e-03	8.217521e-05	1
1.0	1:197329535:A:C	197329535	0	2.248300e-03	9.922173e-05	1
1.0	1:197329774:G:A	197329774	0	8.511117e-04	3.793789e-05	1
1.0	1:197330185:T:A	197330185	0	1.348836e-03	5.912750e-05	1
1.0	1:197331808:A:G	197331808	0	4.330775e-04	1.905607e-05	1
1.0	1:197331809:T:C	197331809	0	1.677898e-03	7.291275e-05	1
1.0	1:197332157:A:G	197332157	0	1.493349e-03	6.568306e-05	1
1.0	1:197333779:G:A	197333779	0	1.055830e-03	4.612334e-05	1
1.0	1:197334159:CT:C	197334159	0	-1.900374e-04	-8.215726e-06	1
1.0	1:197334422:C:T	197334422	0	1.218413e-03	5.398237e-05	1
1.0	1:197335178:A:T	197335178	0	-3.014881e-04	-1.324371e-05	1
1.0	1:197337036:C:T	197337036	0	-1.042825e-04	-4.654152e-06	1
1.0	1:197337668:T:C	197337668	0	3.989269e-04	1.755761e-05	1
1.0	1:197337830:G:A	197337830	0	1.210413e-03	5.291915e-05	1
1.0	1:197339183:C:G	197339183	0	3.989269e-04	1.755761e-05	1
1.0	1:197339479:G:A	197339479	0	1.210413e-03	5.291915e-05	1
1.0	1:197341587:A:T	197341587	0	2.366281e-03	1.061286e-04	1
1.0	1:197341901:G:A	197341901	0	-4.880684e-04	-2.145473e-05	1
1.0	1:197342380:G:A	197342380	0	-7.416692e-05	-3.225140e-06	1
1.0	1:197342686:T:C	197342686	0	2.860646e-04	1.230155e-05	1
1.0	1:197342725:G:A	197342725	0	3.247600e-04	1.396459e-05	1
1.0	1:197343295:C:G	197343295	0	3.247600e-04	1.396459e-05	1
1.0	1:197343296:A:G	197343296	0	3.247600e-04	1.396459e-05	1
1.0	1:197343763:T:C	197343763	0	3.869305e-04	1.663901e-05	1
1.0	1:197343950:T:A	197343950	0	1.277021e-03	5.584930e-05	1
1.0	1:197344461:G:A	197344461	0	3.869305e-04	1.663900e-05	1
1.0	1:197346913:C:G	197346913	0	3.869305e-04	1.663900e-05	1
1.0	1:197346937:T:C	197346937	0	8.983142e-04	3.865031e-05	1
1.0	1:197347299:T:C	197347299	0	6.636652e-04	2.861377e-05	1
1.0	1:197347846:G:GT	197347846	0	1.756217e-05	7.381256e-07	1
1.0	1:197347920:C:T	197347920	0	3.482351e-04	1.497631e-05	1
1.0	1:197349193:A:G	197349193	0	3.869305e-04	1.663899e-05	1
1.0	1:197350381:A:G	197350381	0	1.292412e-03	5.573032e-05	1
1.0	1:197350704:G:A	197350704	0	3.869305e-04	1.663899e-05	1
1.0	1:197351039:C:G	197351039	0	1.138598e-03	4.966750e-05	1
1.0	1:197351554:A:T	197351554	0	1.277021e-03	5.584929e-05	1
1.0	1:197352266:C:T	197352266	0	3.869305e-04	1.663899e-05	1
1.0	1:197352969:A:G	197352969	0	1.277021e-03	5.584929e-05	1
1.0	1:197354428:C:T	197354428	0	-1.217291e-04	-5.403028e-06	1
1.0	1:197354564:A:G	197354564	0	1.325971e-03	5.853485e-05	1
1.0	1:197355536:A:T	197355536	0	5.893727e-04	2.631983e-05	1
1.0	1:197355817:C:T	197355817	0	5.491980e-04	2.360435e-05	1
1.0	1:197357134:A:C	197357134	0	-6.033279e-04	-2.669981e-05	1
1.0	1:197357743:G:A	197357743	0	-2.314764e-04	-1.033099e-05	1
1.0	1:197358842:T:TA	197358842	0	1.345876e-03	5.817182e-05	1
1.0	1:197359999:G:A	197359999	0	1.343606e-03	5.789479e-05	1
1.0	1:197361571:G:A	197361571	0	7.455797e-04	3.207871e-05	1
1.0	1:197362651:A:AT	197362651	0	1.031361e-03	4.450424e-05	1
1.0	1:197362930:C:CTTAA	197362930	0	1.009242e-03	4.354042e-05	1
1.0	1:197363075:G:A	197363075	0	7.455797e-04	3.207870e-05	1
1.0	1:197363308:G:C	197363308	0	1.277021e-03	5.584928e-05	1
1.0	1:197363595:T:C	197363595	0	2.445248e-04	1.050950e-05	1
1.0	1:197363948:G:A	197363948	0	7.842751e-04	3.374021e-05	1
1.0	1:197365105:T:C	197365105	0	5.314412e-04	2.282048e-05	1
1.0	1:197365149:G:A	197365149	0	1.626985e-03	7.136520e-05	1
1.0	1:197366143:C:T	197366143	0	1.277021e-03	5.584927e-05	1
1.0	1:197366723:G:A	197366723	0	8.788057e-04	3.878000e-05	1
1.0	1:197368231:A:C	197368231	0	1.277021e-03	5.584927e-05	1
1.0	1:197368281:T:G	197368281	0	7.455797e-04	3.207869e-05	1
1.0	1:197368840:C:T	197368840	0	2.144831e-03	9.454884e-05	1
1.0	1:197369214:GC:G	197369214	0	-1.288567e-04	-5.723755e-06	1
1.0	1:197372198:A:C	197372198	0	7.842751e-04	3.374020e-05	1
1.0	1:197372250:C:A	197372250	0	7.842751e-04	3.374020e-05	1
1.0	1:197372437:G:T	197372437	0	7.842751e-04	3.374019e-05	1
1.0	1:197373711:A:G	197373711	0	-1.042825e-04	-4.654151e-06	1
1.0	1:197374165:GCTCGCC:G	197374165	0	6.555931e-04	2.921665e-05	1
1.0	1:197374175:G:T	197374175	0	7.879991e-05	3.382845e-06	1
1.0	1:197374762:G:A	197374762	0	1.108360e-03	4.797163e-05	1
1.0	1:197374815:T:C	197374815	0	1.057364e-03	4.576077e-05	1
1.0	1:197374884:C:T	197374884	0	7.962714e-04	3.502328e-05	1
1.0	1:197375307:T:G	197375307	0	7.455797e-04	3.207867e-05	1
1.0	1:197375863:AT:A	197375863	0	8.103326e-04	3.564686e-05	1
1.0	1:197376021:T:C	197376021	0	7.455797e-04	3.207867e-05	1
1.0	1:197376144:C:T	197376144	0	7.842751e-04	3.374018e-05	1
1.0	1:197376226:G:A	197376226	0	5.332195e-04	2.289717e-05	1
1.0	1:197376710:A:G	197376710	0	9.250685e-04	3.982816e-05	1
1.0	1:197376813:G:A	197376813	0	-1.591734e-03	-7.124174e-05	1
1.0	1:197377143:T:A	197377143	0	7.455797e-04	3.207866e-05	1
1.0	1:197377171:C:G	197377171	0	1.074052e-03	4.692305e-05	1
1.0	1:197379590:T:C	197379590	0	-2.070603e-04	-9.204901e-06	1
1.0	1:197379842:T:G	197379842	0	1.073732e-03	4.690895e-05	1
1.0	1:197381055:G:C	197381055	0	7.776051e-04	3.472353e-05	1
1.0	1:197381811:C:T	197381811	0	-2.532005e-04	-1.129880e-05	1
1.0	1:197381941:T:C	197381941	0	7.455797e-04	3.207866e-05	1
1.0	1:197382056:G:A	197382056	0	1.009355e-03	4.354528e-05	1
1.0	1:197382342:T:A	197382342	0	1.058701e-03	4.567514e-05	1
1.0	1:197383644:T:C	197383644	0	1.269022e-03	5.487456e-05	1
1.0	1:197384285:T:C	197384285	0	1.325971e-03	5.853482e-05	1
1.0	1:197384426:C:G	197384426	0	-5.069175e-05	-2.208302e-06	1
1.0	1:197386847:C:T	197386847	0	5.314412e-04	2.282050e-05	1
1.0	1:197387956:T:C	197387956	0	7.842751e-04	3.374016e-05	1
1.0	1:197388076:C:A	197388076	0	-7.455797e-04	-3.207864e-05	1
1.0	1:197388125:T:C	197388125	0	7.842751e-04	3.374015e-05	1
1.0	1:197388558:T:A	197388558	0	7.842751e-04	3.374015e-05	1
1.0	1:197388567:A:T	197388567	0	7.251538e-04	3.232840e-05	1
1.0	1:197388870:C:T	197388870	0	-5.315796e-05	-2.317335e-06	1
1.0	1:197388977:C:T	197388977	0	2.782168e-04	1.200757e-05	1
1.0	1:197389475:T:A	197389475	0	5.597407e-04	2.420753e-05	1
1.0	1:197392067:C:T	197392067	0	-1.277021e-03	-5.584925e-05	1
1.0	1:197392184:A:AT	197392184	0	1.241597e-03	5.542351e-05	1
1.0	1:197392891:T:C	197392891	0	7.842751e-04	3.374014e-05	1
1.0	1:197396108:C:A	197396108	0	-1.349180e-03	-5.904435e-05	1
1.0	1:197398086:A:G	197398086	0	-4.927459e-04	-2.113708e-05	1
1.0	1:197399172:C:T	197399172	0	5.314412e-04	2.282051e-05	1
1.0	1:197406760:GAA:G	197406760	0	3.608375e-04	1.549737e-05	1
1.0	1:197407886:A:AT	197407886	0	-1.349557e-03	-5.906072e-05	1
1.0	1:197408660:C:T	197408660	0	-1.277021e-03	-5.584924e-05	1
1.0	1:197412029:C:T	197412029	0	4.345542e-04	1.868548e-05	1
1.0	1:197412372:A:G	197412372	0	-2.179533e-04	-9.691515e-06	1
1.0	1:197412976:C:T	197412976	0	6.705356e-04	2.885139e-05	1
1.0	1:197413165:A:T	197413165	0	-2.144831e-03	-9.454881e-05	1
1.0	1:197413166:C:A	197413166	0	-2.144831e-03	-9.454880e-05	1
1.0	1:197414097:G:A	197414097	0	-1.467217e-03	-6.350274e-05	1
1.0	1:197415455:T:G	197415455	0	8.511117e-04	3.793790e-05	1
1.0	1:197415707:G:T	197415707	0	-6.296622e-04	-2.805848e-05	1
1.0	1:197417254:A:G	197417254	0	-2.314764e-04	-1.033100e-05	1
1.0	1:197419837:G:A	197419837	0	1.428579e-03	6.190903e-05	1
1.0	1:197420608:A:T	197420608	0	-4.898916e-04	-2.186961e-05	1
1.0	1:197420724:A:G	197420724	0	6.555130e-04	2.925750e-05	1
1.0	1:197421926:A:T	197421926	0	-1.591734e-03	-7.124174e-05	1
1.0	1:197425146:C:G	197425146	0	8.511117e-04	3.793790e-05	1
1.0	1:197426981:T:C	197426981	0	-2.884705e-04	-1.285453e-05	1
1.0	1:197428429:T:C	197428429	0	2.660464e-03	1.197889e-04	1
1.0	1:197430591:G:C	197430591	0	-7.946464e-04	-3.548596e-05	1
1.0	1:197431246:T:C	197431246	0	-7.262108e-04	-3.242203e-05	1
1.0	1:197431932:G:T	197431932	0	3.073611e-03	1.391782e-04	1
1.0	1:197433329:G:A	197433329	0	6.044623e-04	2.600386e-05	1
1.0	1:197433540:A:G	197433540	0	-1.094094e-03	-4.882636e-05	1
1.0	1:197436039:A:G	197436039	0	-1.330475e-03	-5.830718e-05	1
1.0	1:197438606:G:T	197438606	0	1.365443e-03	5.909973e-05	1
1.0	1:197439044:G:A	197439044	0	2.856125e-04	1.262153e-05	1
1.0	1:197443910:C:T	197443910	0	-2.744395e-04	-1.178021e-05	1
1.0	1:197444229:A:G	197444229	0	1.087599e-03	4.788808e-05	1
1.0	1:197445132:C:T	197445132	0	2.169491e-05	9.287521e-07	1
1.0	1:197445879:T:C	197445879	0	-3.429264e-04	-1.529550e-05	1
1.0	1:197446702:G:T	197446702	0	-1.362038e-03	-5.892889e-05	1
1.0	1:197447037:T:C	197447037	0	1.087599e-03	4.788808e-05	1
1.0	1:197448384:A:G	197448384	0	-3.429264e-04	-1.529550e-05	1
1.0	1:197449902:G:A	197449902	0	-3.557469e-05	-1.580413e-06	1
1.0	1:197450636:T:C	197450636	0	2.128357e-03	9.494312e-05	1
1.0	1:197452162:A:G	197452162	0	-1.330475e-03	-5.830718e-05	1
1.0	1:197452703:C:T	197452703	0	-1.591734e-03	-7.124174e-05	1
1.0	1:197452833:C:T	197452833	0	8.907406e-05	3.964105e-06	1
1.0	1:197453203:G:A	197453203	0	-1.330475e-03	-5.830718e-05	1
1.0	1:197456936:G:A	197456936	0	1.367155e-04	5.867645e-06	1
1.0	1:197457536:A:G	197457536	0	-8.820987e-04	-3.941008e-05	1
1.0	1:197458119:C:T	197458119	0	-1.369170e-03	-6.001331e-05	1
1.0	1:197459805:G:T	197459805	0	-1.206390e-03	-5.283161e-05	1
1.0	1:197459874:C:T	197459874	0	-7.792020e-04	-3.482021e-05	1
1.0	1:197459895:T:G	197459895	0	9.564865e-04	4.131675e-05	1
1.0	1:197462946:C:T	197462946	0	-6.509661e-04	-2.903270e-05	1
1.0	1:197463742:A:G	197463742	0	1.489513e-03	6.432637e-05	1
1.0	1:197463936:T:C	197463936	0	-6.789324e-05	-2.919666e-06	1
1.0	1:197465128:A:G	197465128	0	9.469206e-04	4.222330e-05	1
1.0	1:197465286:T:C	197465286	0	-9.897792e-04	-4.424066e-05	1
1.0	1:197465740:G:C	197465740	0	1.224314e-03	5.285073e-05	1
1.0	1:197465886:T:TA	197465886	0	2.856125e-04	1.262153e-05	1
1.0	1:197468341:G:A	197468341	0	-1.322786e-04	-5.885356e-06	1
1.0	1:197469030:T:G	197469030	0	-1.588698e-03	-7.110441e-05	1
1.0	1:197470146:G:A	197470146	0	7.520344e-04	3.267170e-05	1
1.0	1:197470756:T:A	197470756	0	5.487861e-04	2.401288e-05	1
1.0	1:197471350:G:A	197471350	0	6.695441e-04	2.909541e-05	1
1.0	1:197472070:G:A	197472070	0	1.367155e-04	5.867648e-06	1
1.0	1:197474654:G:A	197474654	0	-1.359747e-03	-6.004715e-05	1
1.0	1:197477448:C:T	197477448	0	2.663934e-04	1.143172e-05	1
1.0	1:197477498:G:A	197477498	0	8.936660e-04	3.884630e-05	1
1.0	1:197477610:T:C	197477610	0	8.623718e-04	3.793158e-05	1
1.0	1:197477760:G:A	197477760	0	-2.269512e-05	-1.010045e-06	1
1.0	1:197477848:T:TA	197477848	0	-3.567326e-05	-1.593088e-06	1
1.0	1:197477879:T:C	197477879	0	7.776051e-04	3.472353e-05	1
1.0	1:197478149:T:C	197478149	0	4.393473e-04	1.959903e-05	1
1.0	1:197478285:G:A	197478285	0	-1.325971e-03	-5.853480e-05	1
1.0	1:197480927:C:T	197480927	0	1.528589e-03	6.591788e-05	1
1.0	1:197480986:C:T	197480986	0	1.103764e-03	4.862897e-05	1
1.0	1:197482265:A:G	197482265	0	5.864754e-04	2.530290e-05	1
1.0	1:197483815:T:A	197483815	0	1.133211e-03	5.051622e-05	1
1.0	1:197484068:C:T	197484068	0	6.132960e-04	2.736849e-05	1
1.0	1:197484102:A:T	197484102	0	-6.904827e-04	-3.084716e-05	1
1.0	1:197485094:A:G	197485094	0	5.630394e-04	2.427561e-05	1
1.0	1:197488569:T:C	197488569	0	-5.303469e-04	-2.286398e-05	1
1.0	1:197489171:T:C	197489171	0	1.131084e-03	5.042052e-05	1
1.0	1:197489357:A:G	197489357	0	5.684648e-04	2.451019e-05	1
1.0	1:197490905:C:T	197490905	0	1.233164e-04	5.502177e-06	1
1.0	1:197490942:T:G	197490942	0	1.074188e-03	4.623009e-05	1
1.0	1:197493644:G:A	197493644	0	5.945880e-04	2.575096e-05	1
1.0	1:197499447:G:A	197499447	0	-3.339492e-04	-1.489289e-05	1
1.0	1:197503537:C:T	197503537	0	-1.611583e-03	-7.204088e-05	1
1.0	1:197504370:G:A	197504370	0	5.576940e-04	2.400698e-05	1
1.0	1:197504855:C:T	197504855	0	-1.094094e-03	-4.882635e-05	1
1.0	1:197505460:C:T	197505460	0	-2.884705e-04	-1.285453e-05	1
1.0	1:197505890:G:C	197505890	0	-3.747453e-04	-1.605989e-05	1
1.0	1:197506125:C:T	197506125	0	-3.576869e-04	-1.532854e-05	1
1.0	1:197506127:C:T	197506127	0	-3.906031e-04	-1.674066e-05	1
1.0	1:197506128:A:G	197506128	0	-3.564632e-04	-1.527607e-05	1
1.0	1:197507411:C:T	197507411	0	2.197297e-03	9.862329e-05	1
1.0	1:197508265:C:A	197508265	0	-1.153844e-03	-5.051245e-05	1
1.0	1:197508544:A:G	197508544	0	4.209785e-04	1.846987e-05	1
1.0	1:197508550:G:GA	197508550	0	8.987063e-04	4.021316e-05	1
1.0	1:197509624:A:G	197509624	0	8.657392e-04	3.751823e-05	1
1.0	1:197512404:T:C	197512404	0	8.114765e-04	3.518116e-05	1
1.0	1:197512778:G:A	197512778	0	-1.153844e-03	-5.051245e-05	1
1.0	1:197512789:A:C	197512789	0	1.153844e-03	5.051245e-05	1
1.0	1:197512851:G:T	197512851	0	-6.296622e-04	-2.805848e-05	1
1.0	1:197512914:C:T	197512914	0	2.914823e-03	1.321744e-04	1
1.0	1:197515715:G:A	197515715	0	1.153844e-03	5.051245e-05	1
1.0	1:197515777:A:T	197515777	0	1.153844e-03	5.051245e-05	1
1.0	1:197515981:T:C	197515981	0	1.528589e-03	6.591787e-05	1
1.0	1:197516960:CA:C	197516960	0	1.153844e-03	5.051244e-05	1
1.0	1:197517086:T:A	197517086	0	4.460975e-04	1.942450e-05	1
1.0	1:197519849:G:A	197519849	0	-7.770380e-04	-3.405514e-05	1
1.0	1:197520273:T:C	197520273	0	8.325591e-04	3.639916e-05	1
1.0	1:197520610:T:C	197520610	0	7.776051e-04	3.472353e-05	1
1.0	1:197521810:C:G	197521810	0	-8.325591e-04	-3.639916e-05	1
1.0	1:197521877:T:C	197521877	0	8.325591e-04	3.639916e-05	1
1.0	1:197522671:G:A	197522671	0	1.153844e-03	5.051244e-05	1
1.0	1:197522958:T:C	197522958	0	1.153844e-03	5.051244e-05	1
1.0	1:197523805:T:TA	197523805	0	-1.206267e-03	-5.284002e-05	1
1.0	1:197525439:A:C	197525439	0	-9.768255e-04	-4.273549e-05	1
1.0	1:197526143:CAGTTTT:C	197526143	0	-1.258016e-03	-5.514176e-05	1
1.0	1:197527261:A:G	197527261	0	-6.509661e-04	-2.903270e-05	1
1.0	1:197527458:AAT:A	197527458	0	1.738313e-03	7.657947e-05	1
1.0	1:197527615:G:T	197527615	0	1.213773e-03	5.317183e-05	1
1.0	1:197528149:A:G	197528149	0	-9.939297e-04	-4.349384e-05	1
1.0	1:197528329:T:C	197528329	0	1.283245e-03	5.626463e-05	1
1.0	1:197528488:G:A	197528488	0	1.211196e-03	5.305798e-05	1
1.0	1:197528805:T:A	197528805	0	-1.205601e-03	-5.281055e-05	1
1.0	1:197528857:A:AAGT	197528857	0	1.210549e-03	5.302937e-05	1
1.0	1:197529218:C:T	197529218	0	1.228257e-03	5.380353e-05	1
1.0	1:197529264:T:C	197529264	0	-1.221935e-03	-5.352417e-05	1
1.0	1:197529577:T:G	197529577	0	-2.033309e-03	-8.972477e-05	1
1.0	1:197530702:T:C	197530702	0	-1.153844e-03	-5.051241e-05	1
1.0	1:197531697:C:T	197531697	0	-1.288567e-04	-5.723755e-06	1
1.0	1:197532369:T:C	197532369	0	8.114765e-04	3.518114e-05	1
1.0	1:197532378:C:T	197532378	0	8.114765e-04	3.518114e-05	1
1.0	1:197533652:TTAA:T	197533652	0	4.468447e-04	1.925939e-05	1
1.0	1:197534354:T:C	197534354	0	1.303828e-03	5.715164e-05	1
1.0	1:197536225:A:G	197536225	0	1.153844e-03	5.051241e-05	1
1.0	1:197536424:C:T	197536424	0	-7.861090e-05	-3.369446e-06	1
1.0	1:197536674:C:A	197536674	0	-9.805115e-04	-4.382429e-05	1
1.0	1:197536705:T:C	197536705	0	1.001172e-03	4.380097e-05	1
1.0	1:197536773:T:C	197536773	0	7.171128e-04	3.150521e-05	1
1.0	1:197537029:C:T	197537029	0	1.153844e-03	5.051240e-05	1
1.0	1:197537074:G:C	197537074	0	7.583634e-04	3.385906e-05	1
1.0	1:197538543:T:C	197538543	0	1.203146e-03	5.269507e-05	1
1.0	1:197540207:C:CAT	197540207	0	1.153844e-03	5.051240e-05	1
1.0	1:197540349:T:TTACAAAA	197540349	0	-1.153844e-03	-5.051240e-05	1
1.0	1:197541560:G:A	197541560	0	1.153844e-03	5.051240e-05	1
1.0	1:197541723:T:C	197541723	0	-3.747453e-04	-1.605991e-05	1
1.0	1:197542106:G:A	197542106	0	-1.153844e-03	-5.051240e-05	1
1.0	1:197543437:G:A	197543437	0	4.620157e-04	2.050221e-05	1
1.0	1:197544655:G:A	197544655	0	-1.591734e-03	-7.124174e-05	1
1.0	1:197544989:A:G	197544989	0	3.423676e-04	1.473567e-05	1
1.0	1:197545199:C:T	197545199	0	1.153844e-03	5.051239e-05	1
1.0	1:197545307:C:T	197545307	0	-9.919356e-04	-4.339452e-05	1
1.0	1:197545720:G:A	197545720	0	-8.792325e-04	-3.843591e-05	1
1.0	1:197546093:A:T	197546093	0	3.423676e-04	1.473566e-05	1
1.0	1:197546426:C:T	197546426	0	-1.153844e-03	-5.051239e-05	1
1.0	1:197546459:A:G	197546459	0	1.153844e-03	5.051239e-05	1
1.0	1:197546891:G:A	197546891	0	1.153844e-03	5.051239e-05	1
1.0	1:197547491:C:T	197547491	0	-1.153844e-03	-5.051238e-05	1
1.0	1:197548670:CTT:C	197548670	0	-1.153844e-03	-5.051238e-05	1
1.0	1:197548933:A:G	197548933	0	8.429446e-04	3.684298e-05	1
1.0	1:197549333:T:C	197549333	0	1.572116e-04	7.004296e-06	1
1.0	1:197549551:G:A	197549551	0	-7.564995e-04	-3.304275e-05	1
1.0	1:197549777:C:G	197549777	0	-3.747453e-04	-1.605992e-05	1
1.0	1:197551514:C:G	197551514	0	-1.153844e-03	-5.051238e-05	1
1.0	1:197551935:AGTTT:A	197551935	0	-4.280402e-05	-1.833762e-06	1
1.0	1:197552034:T:G	197552034	0	1.232455e-03	5.304938e-05	1
1.0	1:197552813:A:G	197552813	0	6.378670e-04	2.801596e-05	1
1.0	1:197554134:C:T	197554134	0	1.153844e-03	5.051238e-05	1
1.0	1:197554943:C:T	197554943	0	-4.518802e-04	-2.014047e-05	1
1.0	1:197555404:T:C	197555404	0	5.568109e-04	2.399366e-05	1
1.0	1:197555519:T:C	197555519	0	-1.153844e-03	-5.051237e-05	1
1.0	1:197555761:T:C	197555761	0	-6.509661e-04	-2.903270e-05	1
1.0	1:197555860:A:G	197555860	0	5.945880e-04	2.575091e-05	1
1.0	1:197556904:T:C	197556904	0	-1.153844e-03	-5.051237e-05	1
1.0	1:197557000:G:A	197557000	0	-6.509661e-04	-2.903270e-05	1
1.0	1:197557272:A:G	197557272	0	-1.153844e-03	-5.051237e-05	1
1.0	1:197557273:C:G	197557273	0	6.378670e-04	2.801596e-05	1
1.0	1:197557552:G:A	197557552	0	1.153844e-03	5.051237e-05	1
1.0	1:197559290:T:C	197559290	0	6.378670e-04	2.801596e-05	1
1.0	1:197559324:C:T	197559324	0	5.945880e-04	2.575091e-05	1
1.0	1:197559835:G:A	197559835	0	-1.153844e-03	-5.051237e-05	1
1.0	1:197560252:C:T	197560252	0	1.210770e-03	5.350172e-05	1
1.0	1:197560485:T:C	197560485	0	-1.153844e-03	-5.051236e-05	1
1.0	1:197560962:C:T	197560962	0	-7.638217e-05	-3.273888e-06	1
1.0	1:197561057:G:A	197561057	0	-1.354997e-04	-6.045633e-06	1
1.0	1:197561182:C:T	197561182	0	9.884597e-04	4.324736e-05	1
1.0	1:197561407:T:C	197561407	0	1.028924e-03	4.503385e-05	1
1.0	1:197561510:C:T	197561510	0	6.976063e-04	3.023293e-05	1
1.0	1:197563333:C:T	197563333	0	-3.747453e-04	-1.605992e-05	1
1.0	1:197563701:C:T	197563701	0	-7.861090e-05	-3.369461e-06	1
1.0	1:197564995:C:A	197564995	0	7.583634e-04	3.385906e-05	1
1.0	1:197565337:C:T	197565337	0	-1.153721e-03	-5.052701e-05	1
1.0	1:197565832:T:C	197565832	0	-1.153844e-03	-5.051236e-05	1
1.0	1:197566302:TA:T	197566302	0	-1.198972e-03	-5.251059e-05	1
1.0	1:197566414:T:A	197566414	0	7.102556e-04	3.122885e-05	1
1.0	1:197566842:C:T	197566842	0	1.877547e-03	8.134476e-05	1
1.0	1:197569657:A:G	197569657	0	1.153844e-03	5.051235e-05	1
1.0	1:197570018:A:G	197570018	0	1.142092e-03	5.000141e-05	1
1.0	1:197570370:T:TTGAA	197570370	0	1.142032e-03	4.999877e-05	1
1.0	1:197570844:G:C	197570844	0	-2.914432e-04	-1.295193e-05	1
1.0	1:197571173:A:C	197571173	0	1.989718e-03	8.921147e-05	1
1.0	1:197571239:C:G	197571239	0	9.952609e-04	4.355275e-05	1
1.0	1:197571246:T:C	197571246	0	-1.142984e-03	-5.004059e-05	1
1.0	1:197571577:G:A	197571577	0	9.955876e-04	4.355495e-05	1
1.0	1:197571885:C:T	197571885	0	1.073506e-03	4.699800e-05	1
1.0	1:197572672:A:G	197572672	0	-1.372573e-03	-6.022921e-05	1
1.0	1:197572794:T:C	197572794	0	7.790034e-04	3.478619e-05	1
1.0	1:197573021:T:C	197573021	0	5.930982e-04	2.640927e-05	1
1.0	1:197573318:AAT:A	197573318	0	1.290199e-03	5.669412e-05	1
1.0	1:197574134:T:C	197574134	0	1.667254e-03	7.219218e-05	1
1.0	1:197574174:A:T	197574174	0	4.446035e-04	1.941365e-05	1
1.0	1:197574241:T:C	197574241	0	-3.405492e-04	-1.518703e-05	1
1.0	1:197574661:C:T	197574661	0	1.055316e-03	4.708590e-05	1
1.0	1:197577447:G:A	197577447	0	-3.496747e-04	-1.559433e-05	1
1.0	1:197578795:A:G	197578795	0	-2.082826e-04	-9.021986e-06	1
1.0	1:197578878:A:G	197578878	0	-1.445441e-03	-6.434391e-05	1
1.0	1:197579127:C:G	197579127	0	1.026423e-03	4.520850e-05	1
1.0	1:197580001:TG:T	197580001	0	-7.950876e-04	-3.553267e-05	1
1.0	1:197580084:C:T	197580084	0	4.335569e-04	1.892897e-05	1
1.0	1:197580452:T:C	197580452	0	-2.500233e-04	-1.090716e-05	1
1.0	1:197582447:T:A	197582447	0	-1.198191e-03	-5.163474e-05	1
1.0	1:197582601:A:G	197582601	0	-3.177947e-04	-1.386370e-05	1
1.0	1:197582780:A:G	197582780	0	1.188427e-03	5.130946e-05	1
1.0	1:197582809:C:T	197582809	0	-4.181598e-04	-1.825508e-05	1
1.0	1:197583281:A:G	197583281	0	1.950820e-04	8.503119e-06	1
1.0	1:197583843:T:C	197583843	0	2.774473e-04	1.209559e-05	1
1.0	1:197584553:T:C	197584553	0	-3.636437e-04	-1.586609e-05	1
1.0	1:197585077:T:C	197585077	0	-2.574050e-05	-1.149850e-06	1
1.0	1:197585681:G:T	197585681	0	-3.394352e-04	-1.513772e-05	1
1.0	1:197586232:C:T	197586232	0	-1.593218e-03	-6.872782e-05	1
1.0	1:197588006:A:T	197588006	0	-2.180148e-04	-9.501658e-06	1
1.0	1:197589088:G:A	197589088	0	8.937604e-05	3.973657e-06	1
1.0	1:197590190:A:G	197590190	0	-6.972638e-04	-3.011280e-05	1
1.0	1:197591406:C:A	197591406	0	-1.262888e-03	-5.434723e-05	1
1.0	1:197591828:G:A	197591828	0	7.715288e-04	3.445138e-05	1
1.0	1:197592166:C:T	197592166	0	1.244472e-03	5.555258e-05	1
1.0	1:197592500:C:A	197592500	0	5.893727e-04	2.631983e-05	1
1.0	1:197592568:C:T	197592568	0	-3.157219e-04	-1.377221e-05	1
1.0	1:197593751:C:A	197593751	0	6.344959e-05	2.812184e-06	1
1.0	1:197595240:C:G	197595240	0	-5.931574e-04	-2.593439e-05	1
1.0	1:197595569:T:C	197595569	0	-6.988705e-04	-3.033930e-05	1
1.0	1:197596035:C:T	197596035	0	-3.361144e-04	-1.465652e-05	1
1.0	1:197596196:C:G	197596196	0	-2.210439e-04	-9.629278e-06	1
1.0	1:197596505:C:T	197596505	0	-2.119533e-04	-9.235095e-06	1
1.0	1:197597469:C:T	197597469	0	-2.210439e-04	-9.629275e-06	1
1.0	1:197598092:A:C	197598092	0	7.682605e-04	3.369474e-05	1
1.0	1:197598133:A:C	197598133	0	5.123519e-04	2.238359e-05	1
1.0	1:197598134:C:A	197598134	0	4.226473e-04	1.846550e-05	1
1.0	1:197598249:C:T	197598249	0	-2.210439e-04	-9.629273e-06	1
1.0	1:197599030:T:C	197599030	0	-6.988705e-04	-3.033929e-05	1
1.0	1:197599552:T:C	197599552	0	-2.210439e-04	-9.629271e-06	1
1.0	1:197601092:T:C	197601092	0	-2.210439e-04	-9.629269e-06	1
1.0	1:197601668:C:A	197601668	0	-2.210439e-04	-9.629268e-06	1
1.0	1:197601985:GT:G	197601985	0	-2.210439e-04	-9.629266e-06	1
1.0	1:197601988:CTCAATAACCA:C	197601988	0	-2.210439e-04	-9.629265e-06	1
1.0	1:197603870:C:A	197603870	0	-1.115694e-03	-4.798324e-05	1
1.0	1:197604105:CA:C	197604105	0	-2.210439e-04	-9.629263e-06	1
1.0	1:197604346:C:T	197604346	0	-3.077083e-04	-1.341701e-05	1
1.0	1:197604580:C:T	197604580	0	1.061126e-03	4.734640e-05	1
1.0	1:197606708:C:T	197606708	0	-2.210439e-04	-9.629260e-06	1
1.0	1:197607538:C:T	197607538	0	-7.728090e-04	-3.450810e-05	1
1.0	1:197608612:C:T	197608612	0	1.148602e-03	4.998676e-05	1
1.0	1:197609340:C:T	197609340	0	-8.106320e-04	-3.600594e-05	1
1.0	1:197611682:C:A	197611682	0	6.988705e-04	3.033928e-05	1
1.0	1:197612109:AT:A	197612109	0	-2.553289e-04	-1.112958e-05	1
1.0	1:197612247:A:C	197612247	0	8.096928e-04	3.558903e-05	1
1.0	1:197612551:T:G	197612551	0	-2.091047e-04	-9.109658e-06	1
1.0	1:197612759:A:G	197612759	0	-2.210439e-04	-9.629255e-06	1
1.0	1:197612994:A:G	197612994	0	-2.552986e-04	-1.112825e-05	1
1.0	1:197613756:ACCT:A	197613756	0	-2.210439e-04	-9.629252e-06	1
1.0	1:197613889:T:C	197613889	0	3.641855e-04	1.625411e-05	1
1.0	1:197615058:C:T	197615058	0	-3.276243e-04	-1.407759e-05	1
1.0	1:197615130:A:G	197615130	0	-1.611410e-03	-6.975543e-05	1
1.0	1:197615193:G:A	197615193	0	9.375245e-04	4.140375e-05	1
1.0	1:197615391:C:T	197615391	0	-5.631665e-05	-2.440480e-06	1
1.0	1:197615669:A:C	197615669	0	-4.218725e-04	-1.854159e-05	1
1.0	1:197617436:T:C	197617436	0	6.378670e-04	2.801594e-05	1
1.0	1:197619068:T:C	197619068	0	-2.025566e-04	-8.823718e-06	1
1.0	1:197619932:C:T	197619932	0	-2.738997e-04	-1.194006e-05	1
1.0	1:197621237:G:C	197621237	0	-6.509661e-04	-2.903270e-05	1
1.0	1:197622434:T:A	197622434	0	6.686663e-05	2.976077e-06	1
1.0	1:197622528:C:A	197622528	0	-1.522192e-03	-6.572745e-05	1
1.0	1:197623055:G:A	197623055	0	-1.916278e-04	-8.519349e-06	1
1.0	1:197623633:G:A	197623633	0	-1.916278e-04	-8.519349e-06	1
1.0	1:197624722:C:T	197624722	0	-4.705703e-04	-2.097457e-05	1
1.0	1:197625313:T:A	197625313	0	1.092867e-03	4.814388e-05	1
1.0	1:197626708:A:C	197626708	0	2.210439e-04	9.629244e-06	1
1.0	1:197626823:T:C	197626823	0	-2.083228e-04	-9.110633e-06	1
1.0	1:197628029:T:A	197628029	0	1.221274e-03	5.275350e-05	1
1.0	1:197629342:C:T	197629342	0	3.012137e-04	1.311204e-05	1
1.0	1:197631141:G:A	197631141	0	9.935996e-04	4.328701e-05	1
1.0	1:197631657:A:G	197631657	0	5.888125e-04	2.629479e-05	1
1.0	1:197632910:C:T	197632910	0	1.583096e-04	6.892519e-06	1
1.0	1:197634871:A:G	197634871	0	-3.339492e-04	-1.489290e-05	1
1.0	1:197635605:G:A	197635605	0	2.210439e-04	9.629237e-06	1
1.0	1:197637993:AT:A	197637993	0	1.154068e-03	5.032524e-05	1
1.0	1:197638716:G:A	197638716	0	8.479733e-04	3.692589e-05	1
1.0	1:197639240:AATAGTT:A	197639240	0	2.812490e-04	1.226165e-05	1
1.0	1:197639486:CTA:C	197639486	0	-1.518608e-03	-6.551139e-05	1
1.0	1:197640970:G:A	197640970	0	8.207199e-05	3.653560e-06	1
1.0	1:197644581:T:C	197644581	0	-2.394379e-04	-1.047476e-05	1
1.0	1:197644773:C:T	197644773	0	-1.115694e-03	-4.798324e-05	1
1.0	1:197645449:T:A	197645449	0	1.148602e-03	4.998674e-05	1
1.0	1:197646544:C:T	197646544	0	1.092867e-03	4.814388e-05	1
1.0	1:197649327:CTCTA:C	197649327	0	6.524321e-04	2.832242e-05	1
1.0	1:197649780:T:A	197649780	0	1.197212e-04	5.343805e-06	1
1.0	1:197649941:A:G	197649941	0	6.378670e-04	2.801594e-05	1
1.0	1:197650505:A:G	197650505	0	1.517439e-05	6.440757e-07	1
1.0	1:197652602:T:C	197652602	0	2.210439e-04	9.629229e-06	1
1.0	1:197653036:T:G	197653036	0	2.210439e-04	9.629228e-06	1
1.0	1:197653854:A:G	197653854	0	1.131084e-03	5.042051e-05	1
1.0	1:197657149:G:A	197657149	0	2.210439e-04	9.629226e-06	1
1.0	1:197657361:C:A	197657361	0	2.210439e-04	9.629224e-06	1
1.0	1:197658799:C:T	197658799	0	2.210439e-04	9.629223e-06	1
1.0	1:197659263:T:C	197659263	0	-1.411828e-03	-6.077889e-05	1
1.0	1:197659555:A:G	197659555	0	2.210439e-04	9.629222e-06	1
1.0	1:197660008:CA:C	197660008	0	2.807887e-04	1.223899e-05	1
1.0	1:197660143:C:G	197660143	0	1.030215e-03	4.509201e-05	1
1.0	1:197661576:T:C	197661576	0	4.036920e-04	1.803427e-05	1
1.0	1:197663354:T:G	197663354	0	6.732463e-04	3.009663e-05	1
1.0	1:197664395:G:A	197664395	0	-6.200265e-04	-2.715139e-05	1
1.0	1:197664819:A:AT	197664819	0	3.406156e-04	1.488069e-05	1
1.0	1:197664936:A:C	197664936	0	9.556616e-05	4.265951e-06	1
1.0	1:197665307:T:C	197665307	0	3.417337e-05	1.521556e-06	1
1.0	1:197666111:G:A	197666111	0	8.474185e-04	3.694492e-05	1
1.0	1:197668565:C:G	197668565	0	8.959811e-04	3.901401e-05	1
1.0	1:197669329:C:T	197669329	0	-7.458636e-04	-3.330053e-05	1
1.0	1:197670673:C:G	197670673	0	-7.972880e-04	-3.560442e-05	1
1.0	1:197671115:C:T	197671115	0	6.988705e-04	3.033925e-05	1
1.0	1:197671853:T:C	197671853	0	-6.509661e-04	-2.903270e-05	1
1.0	1:197674188:T:C	197674188	0	1.061126e-03	4.734640e-05	1
1.0	1:197674344:T:C	197674344	0	1.632872e-03	7.052673e-05	1
1.0	1:197675371:G:T	197675371	0	-6.516482e-04	-2.906323e-05	1
1.0	1:197676205:A:G	197676205	0	3.931708e-04	1.726961e-05	1
1.0	1:197683590:C:T	197683590	0	4.522878e-04	1.976893e-05	1
1.0	1:197683734:A:C	197683734	0	1.685047e-04	7.452678e-06	1
1.0	1:197683807:G:C	197683807	0	2.210439e-04	9.629210e-06	1
1.0	1:197684499:T:C	197684499	0	-1.926898e-04	-8.432042e-06	1
1.0	1:197685151:C:T	197685151	0	1.631765e-04	7.106392e-06	1
1.0	1:197685827:T:C	197685827	0	-1.223471e-03	-5.434696e-05	1
1.0	1:197687255:T:C	197687255	0	8.607250e-04	3.839223e-05	1
1.0	1:197688956:A:G	197688956	0	9.819212e-04	4.388752e-05	1
1.0	1:197689698:T:TG	197689698	0	2.210439e-04	9.629206e-06	1
1.0	1:197689967:T:C	197689967	0	1.336737e-03	5.761850e-05	1
1.0	1:197690664:T:TG	197690664	0	2.210439e-04	9.629203e-06	1
1.0	1:197691802:A:G	197691802	0	7.583634e-04	3.385905e-05	1
1.0	1:197692318:A:G	197692318	0	-1.094094e-03	-4.882633e-05	1
1.0	1:197693127:G:A	197693127	0	-4.057780e-05	-1.788915e-06	1
1.0	1:197693266:C:T	197693266	0	-8.864795e-04	-3.938857e-05	1
1.0	1:197693782:T:C	197693782	0	1.318162e-03	5.681501e-05	1
1.0	1:197694037:A:C	197694037	0	2.030463e-04	8.845036e-06	1
1.0	1:197695451:T:C	197695451	0	-2.837049e-04	-1.262424e-05	1
1.0	1:197696572:G:A	197696572	0	9.340013e-04	4.109001e-05	1
1.0	1:197697626:C:T	197697626	0	-9.910681e-04	-4.256293e-05	1
1.0	1:197698103:T:C	197698103	0	1.050158e-03	4.595110e-05	1
1.0	1:197698901:T:C	197698901	0	-7.946464e-04	-3.548596e-05	1
1.0	1:197699699:C:T	197699699	0	8.643845e-04	3.779946e-05	1
1.0	1:197700895:T:C	197700895	0	2.542189e-03	1.108955e-04	1
1.0	1:197701279:G:C	197701279	0	1.633682e-03	7.134010e-05	1
1.0	1:197701376:G:C	197701376	0	1.633682e-03	7.134009e-05	1
1.0	1:197701669:G:C	197701669	0	-5.448289e-04	-2.348261e-05	1
1.0	1:197701992:C:T	197701992	0	1.633682e-03	7.134009e-05	1
1.0	1:197702225:G:C	197702225	0	1.088854e-03	4.764845e-05	1
1.0	1:197702401:C:T	197702401	0	1.617144e-03	7.061759e-05	1
1.0	1:197702476:G:C	197702476	0	1.552154e-03	6.775183e-05	1
1.0	1:197703895:T:C	197703895	0	-1.591734e-03	-7.124175e-05	1
1.0	1:197704717:C:T	197704717	0	1.215605e-03	5.293418e-05	1
1.0	1:197706926:GAA:G	197706926	0	-1.635723e-03	-7.073668e-05	1
1.0	1:197707150:GCCT:G	197707150	0	-6.809420e-05	-2.980181e-06	1
1.0	1:197708114:G:A	197708114	0	-1.635723e-03	-7.073668e-05	1
1.0	1:197708342:G:T	197708342	0	-2.939882e-05	-1.297877e-06	1
1.0	1:197708877:G:T	197708877	0	5.303542e-04	2.329665e-05	1
1.0	1:197709961:G:A	197709961	0	1.831078e-03	8.164422e-05	1
1.0	1:197710246:T:C	197710246	0	-1.244280e-03	-5.386558e-05	1
1.0	1:197711492:C:T	197711492	0	5.007360e-04	2.181001e-05	1
1.0	1:197711668:T:C	197711668	0	5.971306e-04	2.601340e-05	1
1.0	1:197712400:A:C	197712400	0	5.886318e-04	2.564816e-05	1
1.0	1:197712529:TA:T	197712529	0	5.971306e-04	2.601340e-05	1
1.0	1:197712532:A:C	197712532	0	5.971306e-04	2.601340e-05	1
1.0	1:197713783:C:T	197713783	0	1.050158e-03	4.595108e-05	1
