chr	rs	ps	n_miss	b	beta	gamma
1.0	1:197126649:G:A	197126649	0	-4.384847e-03	-1.462050e-04	1
1.0	1:197127041:CA:C	197127041	0	-4.235201e-03	-1.432202e-04	1
1.0	1:197127491:A:C	197127491	0	-6.544860e-03	-2.198150e-04	1
1.0	1:197127578:A:G	197127578	0	1.320356e-03	4.410222e-05	1
1.0	1:197128358:T:C	197128358	0	2.409503e-03	8.164653e-05	1
1.0	1:197128726:G:A	197128726	0	-6.431245e-03	-2.157381e-04	1
1.0	1:197129597:G:A	197129597	0	2.409503e-03	8.164653e-05	1
1.0	1:197129981:C:T	197129981	0	-6.431245e-03	-2.157381e-04	1
1.0	1:197130577:T:TTTGTTAAATATTA	197130577	0	-4.164479e-03	-1.407150e-04	1
1.0	1:197130742:G:GAAGT	197130742	0	-4.975355e-03	-1.684040e-04	1
1.0	1:197130983:A:T	197130983	0	-9.314206e-04	-3.121873e-05	1
1.0	1:197131374:G:A	197131374	0	-3.235999e-03	-1.060095e-04	1
1.0	1:197131655:T:C	197131655	0	-4.190451e-03	-1.416021e-04	1
1.0	1:197131701:G:A	197131701	0	-1.313556e-03	-4.283824e-05	1
1.0	1:197131790:C:G	197131790	0	-7.300126e-04	-2.380623e-05	1
1.0	1:197132378:G:A	197132378	0	-4.360030e-03	-1.475013e-04	1
1.0	1:197134567:G:A	197134567	0	-1.274022e-03	-4.304915e-05	1
1.0	1:197134657:G:A	197134657	0	-1.232267e-03	-4.018322e-05	1
1.0	1:197134909:A:T	197134909	0	-4.173495e-04	-1.414912e-05	1
1.0	1:197135226:C:T	197135226	0	-1.301633e-03	-4.395119e-05	1
1.0	1:197135466:C:A	197135466	0	-2.876894e-03	-9.407981e-05	1
1.0	1:197135643:C:T	197135643	0	-1.432931e-03	-4.680027e-05	1
1.0	1:197136645:T:C	197136645	0	-4.190451e-03	-1.416021e-04	1
1.0	1:197136779:T:TA	197136779	0	-8.320394e-04	-2.819927e-05	1
1.0	1:197137448:C:T	197137448	0	-1.431520e-03	-4.806693e-05	1
1.0	1:197137753:A:G	197137753	0	-6.943515e-04	-2.263801e-05	1
1.0	1:197139390:C:CT	197139390	0	-4.270679e-03	-1.445170e-04	1
1.0	1:197141243:A:C	197141243	0	-5.851789e-03	-1.994804e-04	1
1.0	1:197141251:C:A	197141251	0	-1.774417e-03	-6.018704e-05	1
1.0	1:197141253:A:C	197141253	0	-5.381809e-03	-1.808318e-04	1
1.0	1:197141261:A:G	197141261	0	6.582580e-03	2.267986e-04	1
1.0	1:197141956:T:C	197141956	0	-2.191297e-03	-7.153924e-05	1
1.0	1:197141988:G:T	197141988	0	3.317662e-03	1.090410e-04	1
1.0	1:197143246:G:A	197143246	0	-1.313556e-03	-4.283820e-05	1
1.0	1:197143278:C:T	197143278	0	-4.190451e-03	-1.416021e-04	1
1.0	1:197143279:A:C	197143279	0	-4.190451e-03	-1.416021e-04	1
1.0	1:197143618:G:A	197143618	0	4.281555e-04	1.442696e-05	1
1.0	1:197144383:T:G	197144383	0	-4.525497e-03	-1.532261e-04	1
1.0	1:197145382:C:G	197145382	0	-4.142461e-03	-1.399597e-04	1
1.0	1:197145413:T:C	197145413	0	-1.121376e-03	-3.656174e-05	1
1.0	1:197145999:C:A	197145999	0	-1.231547e-03	-4.015966e-05	1
1.0	1:197146144:A:C	197146144	0	1.666740e-04	5.643051e-06	1
1.0	1:197147471:A:C	197147471	0	-1.805209e-03	-5.893320e-05	1
1.0	1:197147516:C:T	197147516	0	9.405352e-05	3.187773e-06	1
1.0	1:197147800:T:A	197147800	0	-6.309262e-04	-2.056664e-05	1
1.0	1:197148577:T:C	197148577	0	-1.349169e-03	-4.400399e-05	1
1.0	1:197148599:T:C	197148599	0	-4.190451e-03	-1.416021e-04	1
1.0	1:197148761:T:C	197148761	0	-4.360030e-03	-1.475012e-04	1
1.0	1:197150638:A:G	197150638	0	-4.360030e-03	-1.475012e-04	1
1.0	1:197150731:A:G	197150731	0	-1.313294e-03	-4.447929e-05	1
1.0	1:197151246:C:T	197151246	0	-4.190451e-03	-1.416021e-04	1
1.0	1:197151459:TAAC:T	197151459	0	4.453711e-03	1.469278e-04	1
1.0	1:197151626:C:CA	197151626	0	-2.257753e-03	-7.366842e-05	1
1.0	1:197151776:C:T	197151776	0	9.849231e-04	3.318617e-05	1
1.0	1:197152149:A:C	197152149	0	-4.360030e-03	-1.475012e-04	1
1.0	1:197153188:A:G	197153188	0	-4.360030e-03	-1.475012e-04	1
1.0	1:197153767:T:C	197153767	0	-6.675727e-03	-2.248140e-04	1
1.0	1:197154837:C:A	197154837	0	-1.313556e-03	-4.283815e-05	1
1.0	1:197155021:A:G	197155021	0	-2.876894e-03	-9.407984e-05	1
1.0	1:197155786:G:T	197155786	0	-1.932698e-03	-6.303217e-05	1
1.0	1:197155951:G:T	197155951	0	-2.025065e-03	-6.753962e-05	1
1.0	1:197156055:C:T	197156055	0	-2.257753e-03	-7.366842e-05	1
1.0	1:197157894:T:A	197157894	0	4.173492e-03	1.374929e-04	1
1.0	1:197158599:C:T	197158599	0	4.173492e-03	1.374929e-04	1
1.0	1:197159112:C:G	197159112	0	-4.190451e-03	-1.416021e-04	1
1.0	1:197159347:G:A	197159347	0	-6.431245e-03	-2.157381e-04	1
1.0	1:197160315:C:T	197160315	0	-1.843794e-03	-6.019503e-05	1
1.0	1:197160338:C:T	197160338	0	-2.257753e-03	-7.366843e-05	1
1.0	1:197161212:T:G	197161212	0	-4.190451e-03	-1.416020e-04	1
1.0	1:197161428:T:C	197161428	0	-4.360030e-03	-1.475012e-04	1
1.0	1:197162552:T:C	197162552	0	-3.318464e-04	-1.123556e-05	1
1.0	1:197162563:A:C	197162563	0	-2.851977e-03	-9.448436e-05	1
1.0	1:197163928:A:T	197163928	0	-2.851977e-03	-9.448436e-05	1
1.0	1:197165014:G:A	197165014	0	-2.851977e-03	-9.448435e-05	1
1.0	1:197165186:C:T	197165186	0	-4.026089e-03	-1.359626e-04	1
1.0	1:197165267:G:A	197165267	0	-3.044642e-03	-1.007959e-04	1
1.0	1:197165712:C:T	197165712	0	-3.709290e-03	-1.228227e-04	1
1.0	1:197166052:G:C	197166052	0	-6.481847e-03	-2.157800e-04	1
1.0	1:197166080:T:TC	197166080	0	-2.950258e-03	-9.907367e-05	1
1.0	1:197166386:T:A	197166386	0	-7.379668e-04	-2.474349e-05	1
1.0	1:197167465:C:T	197167465	0	-1.801936e-03	-5.957087e-05	1
1.0	1:197170027:A:G	197170027	0	-4.808738e-03	-1.597046e-04	1
1.0	1:197170552:TGA:T	197170552	0	-2.950258e-03	-9.907366e-05	1
1.0	1:197171088:A:G	197171088	0	1.609772e-04	5.452150e-06	1
1.0	1:197174647:T:C	197174647	0	4.216838e-03	1.401900e-04	1
1.0	1:197175214:G:A	197175214	0	-7.364257e-03	-2.461079e-04	1
1.0	1:197175487:G:A	197175487	0	-9.031630e-04	-3.065193e-05	1
1.0	1:197176159:T:C	197176159	0	-6.890512e-03	-2.298363e-04	1
1.0	1:197176169:G:T	197176169	0	2.722805e-03	9.051714e-05	1
1.0	1:197176370:A:G	197176370	0	-7.676802e-04	-2.602080e-05	1
1.0	1:197176536:C:T	197176536	0	-4.747970e-03	-1.574174e-04	1
1.0	1:197177632:A:G	197177632	0	4.216838e-03	1.401900e-04	1
1.0	1:197177787:T:G	197177787	0	-7.249527e-03	-2.420917e-04	1
1.0	1:197178538:C:T	197178538	0	-7.676802e-04	-2.602080e-05	1
1.0	1:197178620:C:T	197178620	0	-4.747970e-03	-1.574174e-04	1
1.0	1:197179651:G:A	197179651	0	-1.052981e-03	-3.561464e-05	1
1.0	1:197179710:C:T	197179710	0	-4.917549e-03	-1.631375e-04	1
1.0	1:197179795:A:C	197179795	0	1.967291e-03	6.515477e-05	1
1.0	1:197180369:A:T	197180369	0	2.558965e-03	8.408677e-05	1
1.0	1:197180924:G:A	197180924	0	2.365007e-03	7.869755e-05	1
1.0	1:197180938:A:AT	197180938	0	-4.333357e-03	-1.435042e-04	1
1.0	1:197181320:G:T	197181320	0	-7.642762e-03	-2.560357e-04	1
1.0	1:197181860:A:G	197181860	0	2.270886e-03	7.456802e-05	1
1.0	1:197181988:C:T	197181988	0	1.609772e-04	5.452151e-06	1
1.0	1:197183656:G:A	197183656	0	-7.249527e-03	-2.420916e-04	1
1.0	1:197183788:T:TA	197183788	0	-2.616760e-03	-8.819968e-05	1
1.0	1:197184935:C:T	197184935	0	-1.790732e-03	-6.074138e-05	1
1.0	1:197185649:C:T	197185649	0	-4.847326e-03	-1.608005e-04	1
1.0	1:197186321:T:C	197186321	0	3.290410e-04	1.115892e-05	1
1.0	1:197186449:A:G	197186449	0	6.595894e-03	2.271149e-04	1
1.0	1:197187605:C:T	197187605	0	-4.917549e-03	-1.631374e-04	1
1.0	1:197187779:C:T	197187779	0	-2.950258e-03	-9.907363e-05	1
1.0	1:197187956:G:A	197187956	0	2.837233e-03	9.345612e-05	1
1.0	1:197188664:A:G	197188664	0	-2.950258e-03	-9.907362e-05	1
1.0	1:197188908:T:C	197188908	0	-2.950258e-03	-9.907362e-05	1
1.0	1:197189447:T:C	197189447	0	-4.747970e-03	-1.574173e-04	1
1.0	1:197189827:C:T	197189827	0	2.409503e-03	8.164653e-05	1
1.0	1:197190675:A:C	197190675	0	1.967291e-03	6.515473e-05	1
1.0	1:197191330:A:C	197191330	0	1.609772e-04	5.452151e-06	1
1.0	1:197192913:A:G	197192913	0	2.501557e-03	8.216913e-05	1
1.0	1:197192918:T:C	197192918	0	1.967291e-03	6.515473e-05	1
1.0	1:197194270:T:G	197194270	0	1.609772e-04	5.452152e-06	1
1.0	1:197194271:C:A	197194271	0	1.609772e-04	5.452152e-06	1
1.0	1:197194500:A:T	197194500	0	1.705603e-03	5.766402e-05	1
1.0	1:197195061:G:A	197195061	0	1.967291e-03	6.515473e-05	1
1.0	1:197195279:T:C	197195279	0	1.967291e-03	6.515473e-05	1
1.0	1:197195650:C:T	197195650	0	-4.917549e-03	-1.631374e-04	1
1.0	1:197197644:A:G	197197644	0	-2.950258e-03	-9.907361e-05	1
1.0	1:197197708:A:G	197197708	0	-1.904790e-04	-6.357085e-06	1
1.0	1:197198217:C:T	197198217	0	-2.137072e-03	-7.244153e-05	1
1.0	1:197198425:C:T	197198425	0	3.157287e-03	1.069370e-04	1
1.0	1:197198558:T:C	197198558	0	-2.950258e-03	-9.907361e-05	1
1.0	1:197198563:C:A	197198563	0	-2.950258e-03	-9.907361e-05	1
1.0	1:197198733:C:T	197198733	0	-4.917549e-03	-1.631374e-04	1
1.0	1:197199434:T:G	197199434	0	2.501557e-03	8.216914e-05	1
1.0	1:197201223:G:A	197201223	0	-9.112199e-06	-3.225445e-07	1
1.0	1:197201796:C:A	197201796	0	-7.249527e-03	-2.420915e-04	1
1.0	1:197201860:G:A	197201860	0	-1.130511e-03	-3.831948e-05	1
1.0	1:197204142:A:G	197204142	0	9.544904e-04	3.233986e-05	1
1.0	1:197207605:A:G	197207605	0	1.967291e-03	6.515471e-05	1
1.0	1:197207702:G:A	197207702	0	-9.818075e-04	-3.322270e-05	1
1.0	1:197208161:CT:C	197208161	0	2.062336e-03	6.832435e-05	1
1.0	1:197210017:A:G	197210017	0	1.967291e-03	6.515470e-05	1
1.0	1:197210208:T:C	197210208	0	-6.837315e-03	-2.275131e-04	1
1.0	1:197210990:A:G	197210990	0	1.967291e-03	6.515469e-05	1
1.0	1:197211719:T:C	197211719	0	-1.710640e-03	-5.802898e-05	1
1.0	1:197211977:C:T	197211977	0	1.902179e-03	6.299897e-05	1
1.0	1:197214088:A:G	197214088	0	-7.249527e-03	-2.420915e-04	1
1.0	1:197214777:T:G	197214777	0	1.967291e-03	6.515468e-05	1
1.0	1:197215176:G:A	197215176	0	1.967291e-03	6.515467e-05	1
1.0	1:197215673:T:C	197215673	0	1.967291e-03	6.515467e-05	1
1.0	1:197216219:C:T	197216219	0	-7.093038e-03	-2.366368e-04	1
1.0	1:197216632:A:G	197216632	0	-2.950258e-03	-9.907359e-05	1
1.0	1:197216681:G:A	197216681	0	2.501557e-03	8.216909e-05	1
1.0	1:197216966:T:C	197216966	0	-7.249527e-03	-2.420914e-04	1
1.0	1:197217206:T:G	197217206	0	2.157770e-03	7.302594e-05	1
1.0	1:197217327:T:C	197217327	0	2.157770e-03	7.302594e-05	1
1.0	1:197218051:G:A	197218051	0	-3.146537e-03	-1.057811e-04	1
1.0	1:197218422:C:T	197218422	0	6.595894e-03	2.271149e-04	1
1.0	1:197218799:A:G	197218799	0	2.629918e-03	8.746486e-05	1
1.0	1:197219127:T:C	197219127	0	2.355186e-03	7.735219e-05	1
1.0	1:197220598:A:T	197220598	0	-2.984800e-03	-1.002470e-04	1
1.0	1:197221248:C:T	197221248	0	1.967291e-03	6.515466e-05	1
1.0	1:197221406:T:C	197221406	0	-4.817358e-03	-1.598059e-04	1
1.0	1:197221904:A:G	197221904	0	-2.734229e-03	-9.181188e-05	1
1.0	1:197223447:A:G	197223447	0	2.264754e-03	7.669054e-05	1
1.0	1:197224759:G:A	197224759	0	-7.676802e-04	-2.602079e-05	1
1.0	1:197226009:T:C	197226009	0	-5.386540e-03	-1.794464e-04	1
1.0	1:197226274:G:A	197226274	0	2.501557e-03	8.216908e-05	1
1.0	1:197227033:G:A	197227033	0	1.967291e-03	6.515465e-05	1
1.0	1:197228399:G:A	197228399	0	-1.112708e-03	-3.679731e-05	1
1.0	1:197229346:A:AAC	197229346	0	3.157287e-03	1.069370e-04	1
1.0	1:197231811:C:G	197231811	0	-7.825692e-03	-2.626493e-04	1
1.0	1:197232058:G:A	197232058	0	1.609772e-04	5.452153e-06	1
1.0	1:197232855:G:A	197232855	0	1.800586e-03	5.963103e-05	1
1.0	1:197233086:A:G	197233086	0	1.769418e-03	5.858592e-05	1
1.0	1:197233413:A:G	197233413	0	1.967291e-03	6.515463e-05	1
1.0	1:197235524:C:A	197235524	0	-4.824060e-03	-1.600124e-04	1
1.0	1:197235697:A:C	197235697	0	-4.254378e-03	-1.409920e-04	1
1.0	1:197235926:C:T	197235926	0	1.967291e-03	6.515461e-05	1
1.0	1:197236152:C:T	197236152	0	9.405352e-05	3.187762e-06	1
1.0	1:197237937:G:A	197237937	0	-7.650968e-03	-2.563195e-04	1
1.0	1:197238736:G:A	197238736	0	-7.650968e-03	-2.563195e-04	1
1.0	1:197238849:C:G	197238849	0	1.967291e-03	6.515459e-05	1
1.0	1:197240482:G:A	197240482	0	1.834918e-03	6.076344e-05	1
1.0	1:197240501:C:G	197240501	0	9.544904e-04	3.233985e-05	1
1.0	1:197240942:TC:T	197240942	0	1.623938e-03	5.376563e-05	1
1.0	1:197242872:C:G	197242872	0	-8.025977e-03	-2.697425e-04	1
1.0	1:197242933:G:C	197242933	0	-8.025977e-03	-2.697424e-04	1
1.0	1:197243395:C:A	197243395	0	2.726060e-03	9.062590e-05	1
1.0	1:197243571:A:C	197243571	0	2.928980e-03	9.920574e-05	1
1.0	1:197244096:A:T	197244096	0	-8.026573e-03	-2.697636e-04	1
1.0	1:197244197:T:C	197244197	0	2.726342e-03	9.063534e-05	1
1.0	1:197244290:G:A	197244290	0	2.674933e-03	8.805292e-05	1
1.0	1:197244456:C:G	197244456	0	1.609772e-04	5.452152e-06	1
1.0	1:197245860:A:G	197245860	0	-4.917549e-03	-1.631372e-04	1
1.0	1:197246217:T:G	197246217	0	2.264754e-03	7.669056e-05	1
1.0	1:197246414:C:T	197246414	0	1.967291e-03	6.515455e-05	1
1.0	1:197246968:C:A	197246968	0	-4.747970e-03	-1.574170e-04	1
1.0	1:197247814:A:G	197247814	0	-7.650968e-03	-2.563194e-04	1
1.0	1:197248016:A:G	197248016	0	1.967291e-03	6.515454e-05	1
1.0	1:197250615:G:A	197250615	0	-2.950258e-03	-9.907353e-05	1
1.0	1:197253267:T:C	197253267	0	-2.950258e-03	-9.907353e-05	1
1.0	1:197254186:G:A	197254186	0	-1.904790e-04	-6.357233e-06	1
1.0	1:197254535:T:C	197254535	0	-1.628109e-03	-5.512225e-05	1
1.0	1:197255992:T:C	197255992	0	1.967291e-03	6.515453e-05	1
1.0	1:197256688:G:T	197256688	0	-2.950258e-03	-9.907353e-05	1
1.0	1:197256919:C:T	197256919	0	9.405352e-05	3.187756e-06	1
1.0	1:197257090:T:C	197257090	0	2.902998e-03	9.559728e-05	1
1.0	1:197257556:C:T	197257556	0	-2.946692e-03	-9.895562e-05	1
1.0	1:197257855:G:A	197257855	0	1.976921e-03	6.549640e-05	1
1.0	1:197257913:A:C	197257913	0	1.976946e-03	6.549724e-05	1
1.0	1:197258736:A:G	197258736	0	2.719558e-03	9.040816e-05	1
1.0	1:197260652:C:A	197260652	0	-7.964229e-03	-2.677185e-04	1
1.0	1:197261492:G:A	197261492	0	1.196823e-03	4.057618e-05	1
1.0	1:197261598:T:C	197261598	0	3.223853e-03	1.062789e-04	1
1.0	1:197262184:C:T	197262184	0	2.902998e-03	9.559726e-05	1
1.0	1:197263737:A:G	197263737	0	1.967291e-03	6.515452e-05	1
1.0	1:197263740:C:T	197263740	0	1.967291e-03	6.515452e-05	1
1.0	1:197263972:C:T	197263972	0	-2.950258e-03	-9.907352e-05	1
1.0	1:197265113:T:TTTCTC	197265113	0	-7.646301e-03	-2.569061e-04	1
1.0	1:197265563:CT:C	197265563	0	2.409503e-03	8.164650e-05	1
1.0	1:197265641:C:T	197265641	0	-9.535828e-03	-3.244020e-04	1
1.0	1:197265842:C:T	197265842	0	-1.715281e-03	-5.779307e-05	1
1.0	1:197265955:C:G	197265955	0	-1.715281e-03	-5.779307e-05	1
1.0	1:197266535:G:A	197266535	0	-7.673746e-03	-2.571244e-04	1
1.0	1:197266587:A:T	197266587	0	-7.568537e-03	-2.540543e-04	1
1.0	1:197266940:G:A	197266940	0	-1.715281e-03	-5.779308e-05	1
1.0	1:197267532:C:A	197267532	0	-8.997592e-03	-3.052318e-04	1
1.0	1:197268347:G:A	197268347	0	3.159137e-04	1.071922e-05	1
1.0	1:197268493:G:A	197268493	0	-7.650968e-03	-2.563192e-04	1
1.0	1:197268700:A:AT	197268700	0	-7.142959e-03	-2.391557e-04	1
1.0	1:197271300:C:G	197271300	0	-1.715281e-03	-5.779308e-05	1
1.0	1:197273689:T:C	197273689	0	-8.021939e-04	-2.712958e-05	1
1.0	1:197273692:G:A	197273692	0	-8.021939e-04	-2.712958e-05	1
1.0	1:197273981:T:C	197273981	0	1.967291e-03	6.515450e-05	1
1.0	1:197274689:G:T	197274689	0	9.405352e-05	3.187756e-06	1
1.0	1:197275153:G:A	197275153	0	1.624358e-03	5.491991e-05	1
1.0	1:197277205:GTA:G	197277205	0	-2.299289e-03	-7.678491e-05	1
1.0	1:197277907:A:G	197277907	0	9.612001e-04	3.250571e-05	1
1.0	1:197278293:T:C	197278293	0	1.502354e-03	4.983995e-05	1
1.0	1:197278655:C:T	197278655	0	-1.509500e-03	-5.087361e-05	1
1.0	1:197279209:G:A	197279209	0	1.967291e-03	6.515450e-05	1
1.0	1:197279771:A:G	197279771	0	-7.676802e-04	-2.602077e-05	1
1.0	1:197279780:T:G	197279780	0	9.847552e-04	3.313080e-05	1
1.0	1:197280295:A:C	197280295	0	-7.568537e-03	-2.540542e-04	1
1.0	1:197280358:C:T	197280358	0	-9.366249e-03	-3.184326e-04	1
1.0	1:197281307:A:G	197281307	0	1.232596e-04	4.179559e-06	1
1.0	1:197281941:A:G	197281941	0	-7.640287e-03	-2.566620e-04	1
1.0	1:197281954:T:A	197281954	0	-7.640474e-03	-2.566686e-04	1
1.0	1:197282079:T:C	197282079	0	-7.568537e-03	-2.540541e-04	1
1.0	1:197282109:A:T	197282109	0	1.967291e-03	6.515451e-05	1
1.0	1:197283185:C:T	197283185	0	-7.568537e-03	-2.540541e-04	1
1.0	1:197284714:C:T	197284714	0	-7.676802e-04	-2.602076e-05	1
1.0	1:197285416:A:G	197285416	0	-7.568537e-03	-2.540541e-04	1
1.0	1:197285535:C:CG	197285535	0	-7.568537e-03	-2.540541e-04	1
1.0	1:197288308:G:T	197288308	0	7.897070e-04	2.606870e-05	1
1.0	1:197289719:G:A	197289719	0	6.595894e-03	2.271148e-04	1
1.0	1:197289793:A:T	197289793	0	-1.790732e-03	-6.074140e-05	1
1.0	1:197290325:G:A	197290325	0	1.967291e-03	6.515453e-05	1
1.0	1:197291306:A:G	197291306	0	-7.568537e-03	-2.540540e-04	1
1.0	1:197291537:G:T	197291537	0	-1.509500e-03	-5.087359e-05	1
1.0	1:197291690:C:A	197291690	0	-7.827065e-03	-2.626928e-04	1
1.0	1:197291727:C:T	197291727	0	-2.934764e-04	-9.781648e-06	1
1.0	1:197291912:T:A	197291912	0	-7.856750e-03	-2.637416e-04	1
1.0	1:197292749:T:A	197292749	0	-7.568537e-03	-2.540540e-04	1
1.0	1:197293423:T:A	197293423	0	-1.301633e-03	-4.395109e-05	1
1.0	1:197293606:G:A	197293606	0	-7.568537e-03	-2.540540e-04	1
1.0	1:197294699:C:T	197294699	0	-7.568537e-03	-2.540540e-04	1
1.0	1:197295641:A:T	197295641	0	1.967291e-03	6.515454e-05	1
1.0	1:197295847:C:A	197295847	0	3.159137e-04	1.071924e-05	1
1.0	1:197295886:G:A	197295886	0	-7.930508e-03	-2.663599e-04	1
1.0	1:197295974:C:T	197295974	0	-7.126408e-03	-2.382280e-04	1
1.0	1:197296376:A:C	197296376	0	-7.760261e-04	-2.627359e-05	1
1.0	1:197296830:ATCTTT:A	197296830	0	-7.866543e-04	-2.664146e-05	1
1.0	1:197297408:A:G	197297408	0	-7.568537e-03	-2.540539e-04	1
1.0	1:197297417:T:C	197297417	0	-9.366249e-03	-3.184324e-04	1
1.0	1:197297540:A:T	197297540	0	-7.346866e-03	-2.460344e-04	1
1.0	1:197298373:T:C	197298373	0	-7.568537e-03	-2.540539e-04	1
1.0	1:197298860:C:G	197298860	0	-7.568537e-03	-2.540539e-04	1
1.0	1:197299000:A:T	197299000	0	-7.568537e-03	-2.540538e-04	1
1.0	1:197299315:C:T	197299315	0	-6.433180e-03	-2.147396e-04	1
1.0	1:197299922:AC:A	197299922	0	-6.887308e-03	-2.323192e-04	1
1.0	1:197300267:A:G	197300267	0	-6.433180e-03	-2.147396e-04	1
1.0	1:197300496:A:G	197300496	0	-6.491563e-03	-2.167889e-04	1
1.0	1:197300995:A:C	197300995	0	-7.705668e-03	-2.591906e-04	1
1.0	1:197302005:C:T	197302005	0	2.344208e-04	7.943886e-06	1
1.0	1:197302140:A:T	197302140	0	-2.714000e-04	-9.196897e-06	1
1.0	1:197302402:T:G	197302402	0	-7.568537e-03	-2.540537e-04	1
1.0	1:197302665:A:G	197302665	0	-8.332326e-03	-2.813147e-04	1
1.0	1:197302690:A:G	197302690	0	-7.568537e-03	-2.540537e-04	1
1.0	1:197302717:T:C	197302717	0	-2.950258e-03	-9.907332e-05	1
1.0	1:197304081:T:G	197304081	0	-7.568537e-03	-2.540537e-04	1
1.0	1:197304361:C:G	197304361	0	-8.455586e-03	-2.854297e-04	1
1.0	1:197304932:C:A	197304932	0	-5.463891e-04	-1.849603e-05	1
1.0	1:197305049:GCCC:G	197305049	0	-8.455586e-03	-2.854296e-04	1
1.0	1:197305053:T:G	197305053	0	-8.455586e-03	-2.854296e-04	1
1.0	1:197305270:A:T	197305270	0	-7.568537e-03	-2.540536e-04	1
1.0	1:197305571:ATAT:A	197305571	0	2.273289e-03	7.578604e-05	1
1.0	1:197306099:C:T	197306099	0	-7.568537e-03	-2.540536e-04	1
1.0	1:197306247:T:C	197306247	0	2.716101e-04	9.187276e-06	1
1.0	1:197306404:T:G	197306404	0	2.134850e-03	7.224733e-05	1
1.0	1:197307120:C:T	197307120	0	1.079246e-03	3.555678e-05	1
1.0	1:197307318:A:T	197307318	0	2.500481e-03	8.346275e-05	1
1.0	1:197308081:G:T	197308081	0	-1.387634e-03	-4.678958e-05	1
1.0	1:197308507:G:A	197308507	0	2.442868e-03	8.149244e-05	1
1.0	1:197308740:G:A	197308740	0	2.442868e-03	8.149244e-05	1
1.0	1:197309594:G:T	197309594	0	-7.568537e-03	-2.540536e-04	1
1.0	1:197309603:T:C	197309603	0	-7.599054e-03	-2.551615e-04	1
1.0	1:197309622:GA:G	197309622	0	-8.455586e-03	-2.854295e-04	1
1.0	1:197310096:T:C	197310096	0	-7.828478e-03	-2.632018e-04	1
1.0	1:197310367:A:G	197310367	0	1.904614e-03	6.336863e-05	1
1.0	1:197310747:G:A	197310747	0	7.957108e-04	2.672962e-05	1
1.0	1:197310777:G:T	197310777	0	1.272055e-03	4.215984e-05	1
1.0	1:197311228:T:C	197311228	0	-2.453372e-03	-8.071126e-05	1
1.0	1:197311241:C:T	197311241	0	5.020905e-03	1.674440e-04	1
1.0	1:197311971:T:C	197311971	0	-7.566189e-04	-2.534352e-05	1
1.0	1:197312162:C:G	197312162	0	-6.230557e-03	-2.101345e-04	1
1.0	1:197312434:A:T	197312434	0	-7.566189e-04	-2.534352e-05	1
1.0	1:197312742:T:A	197312742	0	-5.870398e-04	-1.967139e-05	1
1.0	1:197312942:A:C	197312942	0	-5.870398e-04	-1.967139e-05	1
1.0	1:197313739:A:G	197313739	0	7.079229e-04	2.389613e-05	1
1.0	1:197314384:G:A	197314384	0	-5.870398e-04	-1.967139e-05	1
1.0	1:197314588:G:A	197314588	0	-1.387314e-03	-4.706703e-05	1
1.0	1:197315402:C:T	197315402	0	-6.230557e-03	-2.101345e-04	1
1.0	1:197316239:C:G	197316239	0	-6.230557e-03	-2.101345e-04	1
1.0	1:197316408:T:G	197316408	0	-7.566189e-04	-2.534352e-05	1
1.0	1:197316435:T:C	197316435	0	-6.230557e-03	-2.101345e-04	1
1.0	1:197316644:C:T	197316644	0	3.588737e-04	1.214262e-05	1
1.0	1:197316970:T:TAA	197316970	0	-7.091139e-03	-2.388041e-04	1
1.0	1:197317088:C:CTT	197317088	0	-8.238270e-04	-2.759777e-05	1
1.0	1:197317238:G:A	197317238	0	-2.962622e-03	-9.741134e-05	1
1.0	1:197317546:G:A	197317546	0	-8.412556e-04	-2.852918e-05	1
1.0	1:197317668:G:A	197317668	0	3.588737e-04	1.214262e-05	1
1.0	1:197318034:T:TTTTAA	197318034	0	-7.566189e-04	-2.534352e-05	1
1.0	1:197318153:C:T	197318153	0	4.712909e-04	1.598241e-05	1
1.0	1:197318309:A:G	197318309	0	-5.870398e-04	-1.967139e-05	1
1.0	1:197319799:A:G	197319799	0	-2.488370e-03	-8.427221e-05	1
1.0	1:197320786:T:A	197320786	0	-6.230557e-03	-2.101345e-04	1
1.0	1:197321440:C:T	197321440	0	-5.870398e-04	-1.967139e-05	1
1.0	1:197321451:A:G	197321451	0	-5.870398e-04	-1.967139e-05	1
1.0	1:197322520:C:G	197322520	0	-6.230557e-03	-2.101345e-04	1
1.0	1:197323727:C:T	197323727	0	-5.870398e-04	-1.967139e-05	1
1.0	1:197324195:T:G	197324195	0	-6.230557e-03	-2.101345e-04	1
1.0	1:197324200:T:G	197324200	0	-5.190023e-03	-1.741549e-04	1
1.0	1:197324562:G:A	197324562	0	-5.870398e-04	-1.967139e-05	1
1.0	1:197324983:T:C	197324983	0	-7.566189e-04	-2.534352e-05	1
1.0	1:197325908:T:G	197325908	0	-6.230557e-03	-2.101345e-04	1
1.0	1:197326373:T:C	197326373	0	-5.870398e-04	-1.967139e-05	1
1.0	1:197326492:A:T	197326492	0	-5.161853e-04	-1.745639e-05	1
1.0	1:197326609:C:CT	197326609	0	-4.784126e-03	-1.586563e-04	1
1.0	1:197327001:T:TA	197327001	0	-3.187672e-04	-1.075134e-05	1
1.0	1:197327399:C:T	197327399	0	-5.870398e-04	-1.967139e-05	1
1.0	1:197327547:C:A	197327547	0	-1.540745e-04	-5.216134e-06	1
1.0	1:197327930:GGTCAAAT:G	197327930	0	-5.473938e-03	-1.819341e-04	1
1.0	1:197329041:A:T	197329041	0	-6.230557e-03	-2.101345e-04	1
1.0	1:197329275:T:C	197329275	0	-5.473938e-03	-1.819341e-04	1
1.0	1:197329535:A:C	197329535	0	-6.230557e-03	-2.101345e-04	1
1.0	1:197329774:G:A	197329774	0	3.588737e-04	1.214263e-05	1
1.0	1:197330185:T:A	197330185	0	-6.230557e-03	-2.101345e-04	1
1.0	1:197331808:A:G	197331808	0	-6.642949e-04	-2.224999e-05	1
1.0	1:197331809:T:C	197331809	0	-5.740305e-03	-1.910932e-04	1
1.0	1:197332157:A:G	197332157	0	-6.547666e-03	-2.216976e-04	1
1.0	1:197333779:G:A	197333779	0	-6.340583e-03	-2.140044e-04	1
1.0	1:197334159:CT:C	197334159	0	-4.225036e-03	-1.396186e-04	1
1.0	1:197334422:C:T	197334422	0	-7.572269e-04	-2.545211e-05	1
1.0	1:197335178:A:T	197335178	0	-2.571025e-04	-8.608797e-06	1
1.0	1:197337036:C:T	197337036	0	-1.387459e-03	-4.707206e-05	1
1.0	1:197337668:T:C	197337668	0	-5.870398e-04	-1.967139e-05	1
1.0	1:197337830:G:A	197337830	0	-6.230557e-03	-2.101345e-04	1
1.0	1:197339183:C:G	197339183	0	-5.870398e-04	-1.967139e-05	1
1.0	1:197339479:G:A	197339479	0	-6.230557e-03	-2.101345e-04	1
1.0	1:197341587:A:T	197341587	0	1.822322e-03	6.118490e-05	1
1.0	1:197341901:G:A	197341901	0	-3.984064e-04	-1.336044e-05	1
1.0	1:197342380:G:A	197342380	0	-9.075796e-04	-2.996118e-05	1
1.0	1:197342686:T:C	197342686	0	-1.664198e-03	-5.480530e-05	1
1.0	1:197342725:G:A	197342725	0	-1.494619e-03	-4.920226e-05	1
1.0	1:197343295:C:G	197343295	0	-1.494619e-03	-4.920226e-05	1
1.0	1:197343296:A:G	197343296	0	-1.494619e-03	-4.920226e-05	1
1.0	1:197343763:T:C	197343763	0	-1.154700e-03	-3.798945e-05	1
1.0	1:197343950:T:A	197343950	0	4.856250e-04	1.614022e-05	1
1.0	1:197344461:G:A	197344461	0	-1.154700e-03	-3.798945e-05	1
1.0	1:197346913:C:G	197346913	0	-1.154700e-03	-3.798945e-05	1
1.0	1:197346937:T:C	197346937	0	1.769918e-03	5.775252e-05	1
1.0	1:197347299:T:C	197347299	0	-4.812278e-04	-1.584294e-05	1
1.0	1:197347846:G:GT	197347846	0	-1.597585e-03	-5.259914e-05	1
1.0	1:197347920:C:T	197347920	0	-1.324279e-03	-4.358269e-05	1
1.0	1:197349193:A:G	197349193	0	-1.154700e-03	-3.798944e-05	1
1.0	1:197350381:A:G	197350381	0	2.334218e-03	7.629985e-05	1
1.0	1:197350704:G:A	197350704	0	-1.154700e-03	-3.798944e-05	1
1.0	1:197351039:C:G	197351039	0	4.856250e-04	1.614023e-05	1
1.0	1:197351554:A:T	197351554	0	4.856250e-04	1.614023e-05	1
1.0	1:197352266:C:T	197352266	0	-1.154700e-03	-3.798944e-05	1
1.0	1:197352969:A:G	197352969	0	4.856250e-04	1.614023e-05	1
1.0	1:197354428:C:T	197354428	0	-2.488370e-03	-8.427222e-05	1
1.0	1:197354564:A:G	197354564	0	4.378613e-03	1.479215e-04	1
1.0	1:197355536:A:T	197355536	0	5.558580e-04	1.884541e-05	1
1.0	1:197355817:C:T	197355817	0	-9.542304e-04	-3.134372e-05	1
1.0	1:197357134:A:C	197357134	0	-1.946158e-03	-6.537880e-05	1
1.0	1:197357743:G:A	197357743	0	-6.508855e-04	-2.206987e-05	1
1.0	1:197358842:T:TA	197358842	0	-3.060710e-03	-1.005362e-04	1
1.0	1:197359999:G:A	197359999	0	8.580825e-05	2.792737e-06	1
1.0	1:197361571:G:A	197361571	0	-8.871052e-04	-2.913606e-05	1
1.0	1:197362651:A:AT	197362651	0	-1.623657e-04	-5.328713e-06	1
1.0	1:197362930:C:CTTAA	197362930	0	-2.454476e-04	-8.061472e-06	1
1.0	1:197363075:G:A	197363075	0	-8.871052e-04	-2.913605e-05	1
1.0	1:197363308:G:C	197363308	0	4.856250e-04	1.614023e-05	1
1.0	1:197363595:T:C	197363595	0	8.836420e-04	2.880179e-05	1
1.0	1:197363948:G:A	197363948	0	-7.175262e-04	-2.355860e-05	1
1.0	1:197365105:T:C	197365105	0	1.372730e-03	4.473218e-05	1
1.0	1:197365149:G:A	197365149	0	8.380117e-04	2.785635e-05	1
1.0	1:197366143:C:T	197366143	0	4.856250e-04	1.614023e-05	1
1.0	1:197366723:G:A	197366723	0	3.077213e-05	1.029766e-06	1
1.0	1:197368231:A:C	197368231	0	4.856250e-04	1.614023e-05	1
1.0	1:197368281:T:G	197368281	0	-8.871052e-04	-2.913605e-05	1
1.0	1:197368840:C:T	197368840	0	1.526159e-03	5.075001e-05	1
1.0	1:197369214:GC:G	197369214	0	-9.624671e-04	-3.250808e-05	1
1.0	1:197372198:A:C	197372198	0	-4.318588e-04	-1.417518e-05	1
1.0	1:197372250:C:A	197372250	0	-7.175262e-04	-2.355860e-05	1
1.0	1:197372437:G:T	197372437	0	-7.175262e-04	-2.355860e-05	1
1.0	1:197373711:A:G	197373711	0	-1.387459e-03	-4.707206e-05	1
1.0	1:197374165:GCTCGCC:G	197374165	0	1.097603e-03	3.721628e-05	1
1.0	1:197374175:G:T	197374175	0	-1.766133e-03	-5.816090e-05	1
1.0	1:197374762:G:A	197374762	0	-4.785167e-04	-1.572862e-05	1
1.0	1:197374815:T:C	197374815	0	-6.571676e-04	-2.160971e-05	1
1.0	1:197374884:C:T	197374884	0	-1.498661e-04	-5.009699e-06	1
1.0	1:197375307:T:G	197375307	0	-8.871052e-04	-2.913604e-05	1
1.0	1:197375863:AT:A	197375863	0	-8.777315e-05	-2.933813e-06	1
1.0	1:197376021:T:C	197376021	0	-8.871052e-04	-2.913603e-05	1
1.0	1:197376144:C:T	197376144	0	-7.175262e-04	-2.355859e-05	1
1.0	1:197376226:G:A	197376226	0	1.391978e-03	4.535952e-05	1
1.0	1:197376710:A:G	197376710	0	-7.175262e-04	-2.355858e-05	1
1.0	1:197376813:G:A	197376813	0	-2.208027e-03	-7.474032e-05	1
1.0	1:197377143:T:A	197377143	0	-8.871052e-04	-2.913603e-05	1
1.0	1:197377171:C:G	197377171	0	4.856250e-04	1.614024e-05	1
1.0	1:197379590:T:C	197379590	0	-1.005620e-03	-3.400910e-05	1
1.0	1:197379842:T:G	197379842	0	4.856250e-04	1.614024e-05	1
1.0	1:197381055:G:C	197381055	0	2.802799e-04	9.499065e-06	1
1.0	1:197381941:T:C	197381941	0	-8.871052e-04	-2.913603e-05	1
1.0	1:197382056:G:A	197382056	0	-2.451723e-04	-8.052386e-06	1
1.0	1:197382342:T:A	197382342	0	-4.967274e-05	-1.620819e-06	1
1.0	1:197383644:T:C	197383644	0	-9.460784e-04	-3.108214e-05	1
1.0	1:197384285:T:C	197384285	0	4.378613e-03	1.479215e-04	1
1.0	1:197384426:C:G	197384426	0	-7.372391e-04	-2.433120e-05	1
1.0	1:197386847:C:T	197386847	0	1.372730e-03	4.473216e-05	1
1.0	1:197387956:T:C	197387956	0	-7.175262e-04	-2.355857e-05	1
1.0	1:197388076:C:A	197388076	0	8.871052e-04	2.913602e-05	1
1.0	1:197388125:T:C	197388125	0	-7.175262e-04	-2.355857e-05	1
1.0	1:197388558:T:A	197388558	0	-7.175262e-04	-2.355857e-05	1
1.0	1:197388567:A:T	197388567	0	3.588737e-04	1.214262e-05	1
1.0	1:197388870:C:T	197388870	0	-8.340721e-04	-2.756031e-05	1
1.0	1:197388977:C:T	197388977	0	-4.621623e-03	-1.532330e-04	1
1.0	1:197389475:T:A	197389475	0	3.051118e-03	1.009415e-04	1
1.0	1:197392067:C:T	197392067	0	-4.856250e-04	-1.614024e-05	1
1.0	1:197392184:A:AT	197392184	0	8.053255e-04	2.723638e-05	1
1.0	1:197392891:T:C	197392891	0	-7.175262e-04	-2.355856e-05	1
1.0	1:197395234:G:A	197395234	0	-1.175522e-04	-3.991099e-06	1
1.0	1:197396108:C:A	197396108	0	-4.856250e-04	-1.614024e-05	1
1.0	1:197398086:A:G	197398086	0	-1.203151e-03	-3.916911e-05	1
1.0	1:197399172:C:T	197399172	0	1.372730e-03	4.473215e-05	1
1.0	1:197406760:GAA:G	197406760	0	9.575425e-04	3.121274e-05	1
1.0	1:197407886:A:AT	197407886	0	-6.621518e-04	-2.200818e-05	1
1.0	1:197408660:C:T	197408660	0	-4.856250e-04	-1.614024e-05	1
1.0	1:197412029:C:T	197412029	0	1.422368e-03	4.642559e-05	1
1.0	1:197412372:A:G	197412372	0	6.392253e-04	2.161865e-05	1
1.0	1:197412976:C:T	197412976	0	1.578512e-03	5.149284e-05	1
1.0	1:197413165:A:T	197413165	0	-1.526159e-03	-5.075002e-05	1
1.0	1:197413166:C:A	197413166	0	-1.526159e-03	-5.075002e-05	1
1.0	1:197414097:G:A	197414097	0	-1.259066e-03	-4.115028e-05	1
1.0	1:197415455:T:G	197415455	0	3.588737e-04	1.214262e-05	1
1.0	1:197415707:G:T	197415707	0	-2.120364e-03	-7.181897e-05	1
1.0	1:197417254:A:G	197417254	0	-6.508855e-04	-2.206986e-05	1
1.0	1:197419837:G:A	197419837	0	1.972947e-03	6.477849e-05	1
1.0	1:197420608:A:T	197420608	0	5.196267e-04	1.758705e-05	1
1.0	1:197420724:A:G	197420724	0	9.186558e-04	3.109910e-05	1
1.0	1:197421926:A:T	197421926	0	-2.208027e-03	-7.474032e-05	1
1.0	1:197425146:C:G	197425146	0	3.588737e-04	1.214262e-05	1
1.0	1:197426981:T:C	197426981	0	-5.082752e-04	-1.718927e-05	1
1.0	1:197428429:T:C	197428429	0	2.295024e-03	7.712297e-05	1
1.0	1:197430591:G:C	197430591	0	-9.266840e-04	-3.141337e-05	1
1.0	1:197431246:T:C	197431246	0	-7.450198e-04	-2.522665e-05	1
1.0	1:197431932:G:T	197431932	0	2.830639e-03	9.519151e-05	1
1.0	1:197433329:G:A	197433329	0	1.089542e-03	3.552318e-05	1
1.0	1:197433540:A:G	197433540	0	-1.713785e-03	-5.808813e-05	1
1.0	1:197436039:A:G	197436039	0	3.344425e-06	9.831160e-08	1
1.0	1:197438606:G:T	197438606	0	-2.854929e-03	-9.384179e-05	1
1.0	1:197439044:G:A	197439044	0	-1.892584e-03	-6.373863e-05	1
1.0	1:197443910:C:T	197443910	0	-5.376714e-04	-1.749822e-05	1
1.0	1:197444229:A:G	197444229	0	2.324257e-04	7.767745e-06	1
1.0	1:197445132:C:T	197445132	0	-2.046996e-04	-6.661477e-06	1
1.0	1:197445879:T:C	197445879	0	-8.412556e-04	-2.852917e-05	1
1.0	1:197446702:G:T	197446702	0	-7.700970e-04	-2.517622e-05	1
1.0	1:197447037:T:C	197447037	0	2.324257e-04	7.767744e-06	1
1.0	1:197448384:A:G	197448384	0	-8.412556e-04	-2.852917e-05	1
1.0	1:197449902:G:A	197449902	0	-1.501804e-03	-5.062482e-05	1
1.0	1:197450636:T:C	197450636	0	1.678632e-03	5.619194e-05	1
1.0	1:197452162:A:G	197452162	0	3.344425e-06	9.831127e-08	1
1.0	1:197452703:C:T	197452703	0	-2.208027e-03	-7.474032e-05	1
1.0	1:197452833:C:T	197452833	0	-6.726482e-04	-2.276492e-05	1
1.0	1:197453203:G:A	197453203	0	3.344425e-06	9.831032e-08	1
1.0	1:197456936:G:A	197456936	0	2.094709e-03	6.818871e-05	1
1.0	1:197457536:A:G	197457536	0	-1.663647e-03	-5.642435e-05	1
1.0	1:197458119:C:T	197458119	0	-1.662346e-04	-5.542426e-06	1
1.0	1:197459805:G:T	197459805	0	1.492713e-04	4.956519e-06	1
1.0	1:197459895:T:G	197459895	0	2.585493e-03	8.461004e-05	1
1.0	1:197462946:C:T	197462946	0	-7.726316e-04	-2.613983e-05	1
1.0	1:197463742:A:G	197463742	0	-1.105793e-03	-3.625338e-05	1
1.0	1:197463936:T:C	197463936	0	-1.769084e-03	-5.765200e-05	1
1.0	1:197465128:A:G	197465128	0	1.479895e-03	5.016425e-05	1
1.0	1:197465740:G:C	197465740	0	2.327135e-03	7.602801e-05	1
1.0	1:197465886:T:TA	197465886	0	-1.892584e-03	-6.373863e-05	1
1.0	1:197468341:G:A	197468341	0	-4.854429e-04	-1.641409e-05	1
1.0	1:197469030:T:G	197469030	0	-2.224488e-03	-7.530053e-05	1
1.0	1:197470146:G:A	197470146	0	-1.569356e-03	-5.178812e-05	1
1.0	1:197470756:T:A	197470756	0	-5.285428e-04	-1.754083e-05	1
1.0	1:197471350:G:A	197471350	0	-1.795099e-03	-5.927647e-05	1
1.0	1:197472070:G:A	197472070	0	2.094709e-03	6.818871e-05	1
1.0	1:197474654:G:A	197474654	0	-4.454005e-03	-1.505255e-04	1
1.0	1:197477448:C:T	197477448	0	-1.392807e-03	-4.536312e-05	1
1.0	1:197477498:G:A	197477498	0	-1.320160e-03	-4.355276e-05	1
1.0	1:197477610:T:C	197477610	0	7.884785e-04	2.637717e-05	1
1.0	1:197477760:G:A	197477760	0	1.093669e-03	3.701914e-05	1
1.0	1:197477848:T:TA	197477848	0	-4.859016e-04	-1.648069e-05	1
1.0	1:197477879:T:C	197477879	0	2.802799e-04	9.499064e-06	1
1.0	1:197478285:G:A	197478285	0	-3.890010e-03	-1.312425e-04	1
1.0	1:197480927:C:T	197480927	0	-1.595503e-03	-5.224588e-05	1
1.0	1:197480986:C:T	197480986	0	5.386128e-04	1.800685e-05	1
1.0	1:197482265:A:G	197482265	0	2.088002e-03	6.836504e-05	1
1.0	1:197483815:T:A	197483815	0	6.747268e-04	2.279475e-05	1
1.0	1:197484102:A:T	197484102	0	-1.663647e-03	-5.642435e-05	1
1.0	1:197485094:A:G	197485094	0	1.812316e-03	5.921879e-05	1
1.0	1:197487053:T:TTTTG	197487053	0	2.594907e-04	8.803450e-06	1
1.0	1:197488569:T:C	197488569	0	-1.744042e-03	-5.698385e-05	1
1.0	1:197489171:T:C	197489171	0	6.862596e-04	2.318485e-05	1
1.0	1:197489357:A:G	197489357	0	1.791832e-03	5.854848e-05	1
1.0	1:197490905:C:T	197490905	0	-1.969843e-04	-6.674496e-06	1
1.0	1:197490942:T:G	197490942	0	-2.225476e-03	-7.300176e-05	1
1.0	1:197493644:G:A	197493644	0	-2.160900e-03	-7.122133e-05	1
1.0	1:197499003:C:T	197499003	0	-6.332230e-04	-2.145608e-05	1
1.0	1:197503537:C:T	197503537	0	-2.486028e-03	-8.420887e-05	1
1.0	1:197504370:G:A	197504370	0	1.923862e-03	6.277695e-05	1
1.0	1:197504855:C:T	197504855	0	-1.713785e-03	-5.808813e-05	1
1.0	1:197505460:C:T	197505460	0	-5.082752e-04	-1.718927e-05	1
1.0	1:197505890:G:C	197505890	0	1.203435e-03	3.907164e-05	1
1.0	1:197506125:C:T	197506125	0	1.245130e-03	4.042628e-05	1
1.0	1:197506127:C:T	197506127	0	1.207951e-03	3.921751e-05	1
1.0	1:197506128:A:G	197506128	0	1.248121e-03	4.052345e-05	1
1.0	1:197507411:C:T	197507411	0	1.713613e-03	5.767886e-05	1
1.0	1:197508265:C:A	197508265	0	3.920680e-04	1.303573e-05	1
1.0	1:197508544:A:G	197508544	0	-1.708477e-04	-5.706550e-06	1
1.0	1:197508550:G:GA	197508550	0	1.600401e-03	5.435317e-05	1
1.0	1:197509624:A:G	197509624	0	-2.271119e-03	-7.452893e-05	1
1.0	1:197512404:T:C	197512404	0	-1.757627e-03	-5.789687e-05	1
1.0	1:197512778:G:A	197512778	0	3.920680e-04	1.303573e-05	1
1.0	1:197512789:A:C	197512789	0	-3.920680e-04	-1.303573e-05	1
1.0	1:197512851:G:T	197512851	0	-2.120364e-03	-7.181898e-05	1
1.0	1:197512914:C:T	197512914	0	2.991239e-03	1.009950e-04	1
1.0	1:197515715:G:A	197515715	0	-3.920680e-04	-1.303573e-05	1
1.0	1:197515777:A:T	197515777	0	-3.920680e-04	-1.303573e-05	1
1.0	1:197515981:T:C	197515981	0	-1.595503e-03	-5.224588e-05	1
1.0	1:197516960:CA:C	197516960	0	-7.841564e-04	-2.610133e-05	1
1.0	1:197517086:T:A	197517086	0	-3.525046e-03	-1.170686e-04	1
1.0	1:197519849:G:A	197519849	0	1.168312e-03	3.892815e-05	1
1.0	1:197520273:T:C	197520273	0	-8.039869e-04	-2.677350e-05	1
1.0	1:197520610:T:C	197520610	0	2.802799e-04	9.499064e-06	1
1.0	1:197521810:C:G	197521810	0	9.212101e-04	3.067468e-05	1
1.0	1:197521877:T:C	197521877	0	-9.212101e-04	-3.067468e-05	1
1.0	1:197522671:G:A	197522671	0	-3.920680e-04	-1.303572e-05	1
1.0	1:197522958:T:C	197522958	0	-3.920680e-04	-1.303572e-05	1
1.0	1:197523805:T:TA	197523805	0	3.864765e-04	1.285020e-05	1
1.0	1:197525439:A:C	197525439	0	2.271476e-04	7.546520e-06	1
1.0	1:197525973:T:G	197525973	0	1.032045e-03	3.499701e-05	1
1.0	1:197526143:CAGTTTT:C	197526143	0	1.780777e-05	5.765088e-07	1
1.0	1:197527261:A:G	197527261	0	-7.726316e-04	-2.613983e-05	1
1.0	1:197527458:AAT:A	197527458	0	1.135009e-04	3.798265e-06	1
1.0	1:197527615:G:T	197527615	0	-9.668918e-05	-3.202608e-06	1
1.0	1:197528149:A:G	197528149	0	1.388597e-04	4.606771e-06	1
1.0	1:197528329:T:C	197528329	0	-1.034578e-04	-3.427544e-06	1
1.0	1:197528488:G:A	197528488	0	-1.093867e-04	-3.625399e-06	1
1.0	1:197528805:T:A	197528805	0	1.369653e-04	4.543690e-06	1
1.0	1:197528857:A:AAGT	197528857	0	-1.125764e-04	-3.731606e-06	1
1.0	1:197529218:C:T	197529218	0	-2.109730e-04	-7.008055e-06	1
1.0	1:197529264:T:C	197529264	0	2.263598e-04	7.520282e-06	1
1.0	1:197529577:T:G	197529577	0	-7.270566e-04	-2.423367e-05	1
1.0	1:197530702:T:C	197530702	0	3.163267e-04	1.051734e-05	1
1.0	1:197531697:C:T	197531697	0	-9.063455e-04	-3.061054e-05	1
1.0	1:197531742:T:A	197531742	0	-1.175522e-04	-3.991099e-06	1
1.0	1:197532369:T:C	197532369	0	-1.757627e-03	-5.789686e-05	1
1.0	1:197532378:C:T	197532378	0	-1.757627e-03	-5.789686e-05	1
1.0	1:197533652:TTAA:T	197533652	0	1.694487e-03	5.533226e-05	1
1.0	1:197534354:T:C	197534354	0	3.580642e-03	1.199193e-04	1
1.0	1:197536225:A:G	197536225	0	-3.920680e-04	-1.303570e-05	1
1.0	1:197536424:C:T	197536424	0	1.536407e-03	4.993254e-05	1
1.0	1:197536705:T:C	197536705	0	-6.635013e-04	-2.207880e-05	1
1.0	1:197536773:T:C	197536773	0	1.621241e-04	5.414714e-06	1
1.0	1:197537029:C:T	197537029	0	-3.920680e-04	-1.303570e-05	1
1.0	1:197537074:G:C	197537074	0	6.674577e-04	2.260559e-05	1
1.0	1:197538543:T:C	197538543	0	-3.330874e-04	-1.107147e-05	1
1.0	1:197540207:C:CAT	197540207	0	-3.920680e-04	-1.303570e-05	1
1.0	1:197540349:T:TTACAAAA	197540349	0	3.920680e-04	1.303570e-05	1
1.0	1:197541560:G:A	197541560	0	-3.920680e-04	-1.303570e-05	1
1.0	1:197541723:T:C	197541723	0	1.203435e-03	3.907167e-05	1
1.0	1:197542106:G:A	197542106	0	3.920680e-04	1.303569e-05	1
1.0	1:197543437:G:A	197543437	0	-1.098531e-03	-3.703780e-05	1
1.0	1:197544655:G:A	197544655	0	-2.208027e-03	-7.474032e-05	1
1.0	1:197544989:A:G	197544989	0	1.365559e-03	4.453510e-05	1
1.0	1:197545199:C:T	197545199	0	-3.920680e-04	-1.303569e-05	1
1.0	1:197545307:C:T	197545307	0	6.799232e-04	2.262579e-05	1
1.0	1:197545720:G:A	197545720	0	7.152314e-04	2.379750e-05	1
1.0	1:197546093:A:T	197546093	0	1.365559e-03	4.453510e-05	1
1.0	1:197546426:C:T	197546426	0	3.920680e-04	1.303569e-05	1
1.0	1:197546459:A:G	197546459	0	-3.920680e-04	-1.303569e-05	1
1.0	1:197546891:G:A	197546891	0	-3.920680e-04	-1.303569e-05	1
1.0	1:197547491:C:T	197547491	0	3.920680e-04	1.303569e-05	1
1.0	1:197548670:CTT:C	197548670	0	3.920680e-04	1.303568e-05	1
1.0	1:197548933:A:G	197548933	0	-7.579352e-04	-2.521983e-05	1
1.0	1:197549333:T:C	197549333	0	7.494371e-04	2.541184e-05	1
1.0	1:197549551:G:A	197549551	0	8.292417e-04	2.758969e-05	1
1.0	1:197549777:C:G	197549777	0	1.203435e-03	3.907168e-05	1
1.0	1:197551514:C:G	197551514	0	3.920680e-04	1.303568e-05	1
1.0	1:197551935:AGTTT:A	197551935	0	1.563621e-03	5.081863e-05	1
1.0	1:197552034:T:G	197552034	0	-1.928475e-03	-6.318991e-05	1
1.0	1:197552813:A:G	197552813	0	2.324257e-04	7.767743e-06	1
1.0	1:197554134:C:T	197554134	0	-3.920680e-04	-1.303568e-05	1
1.0	1:197554302:C:A	197554302	0	-1.175522e-04	-3.991099e-06	1
1.0	1:197554943:C:T	197554943	0	5.296599e-03	1.805165e-04	1
1.0	1:197555404:T:C	197555404	0	1.758117e-03	5.739157e-05	1
1.0	1:197555519:T:C	197555519	0	3.920680e-04	1.303568e-05	1
1.0	1:197555761:T:C	197555761	0	-7.726316e-04	-2.613983e-05	1
1.0	1:197555860:A:G	197555860	0	-2.160900e-03	-7.122132e-05	1
1.0	1:197556904:T:C	197556904	0	8.056209e-04	2.681658e-05	1
1.0	1:197557000:G:A	197557000	0	-7.726316e-04	-2.613983e-05	1
1.0	1:197557272:A:G	197557272	0	3.920680e-04	1.303568e-05	1
1.0	1:197557273:C:G	197557273	0	2.324257e-04	7.767744e-06	1
1.0	1:197557552:G:A	197557552	0	-3.920680e-04	-1.303567e-05	1
1.0	1:197559290:T:C	197559290	0	2.324257e-04	7.767744e-06	1
1.0	1:197559324:C:T	197559324	0	-2.332343e-03	-7.690944e-05	1
1.0	1:197559835:G:A	197559835	0	3.920680e-04	1.303567e-05	1
1.0	1:197560252:C:T	197560252	0	4.587556e-04	1.536831e-05	1
1.0	1:197560485:T:C	197560485	0	3.920680e-04	1.303567e-05	1
1.0	1:197560962:C:T	197560962	0	1.541742e-03	5.010613e-05	1
1.0	1:197561057:G:A	197561057	0	-5.399748e-04	-1.829625e-05	1
1.0	1:197561182:C:T	197561182	0	-5.830790e-04	-1.940021e-05	1
1.0	1:197561407:T:C	197561407	0	-5.094728e-04	-1.695026e-05	1
1.0	1:197561510:C:T	197561510	0	-2.090395e-03	-6.890698e-05	1
1.0	1:197563333:C:T	197563333	0	1.203435e-03	3.907169e-05	1
1.0	1:197563701:C:T	197563701	0	1.536407e-03	4.993257e-05	1
1.0	1:197564995:C:A	197564995	0	6.674577e-04	2.260560e-05	1
1.0	1:197565337:C:T	197565337	0	3.502185e-04	1.164783e-05	1
1.0	1:197565832:T:C	197565832	0	2.874835e-04	9.555579e-06	1
1.0	1:197566302:TA:T	197566302	0	2.327935e-04	7.733952e-06	1
1.0	1:197566414:T:A	197566414	0	3.771189e-04	1.261167e-05	1
1.0	1:197566842:C:T	197566842	0	-5.075614e-04	-1.663714e-05	1
1.0	1:197569657:A:G	197569657	0	-3.920680e-04	-1.303566e-05	1
1.0	1:197570018:A:G	197570018	0	-3.860496e-04	-1.283587e-05	1
1.0	1:197570370:T:TTGAA	197570370	0	-3.860188e-04	-1.283484e-05	1
1.0	1:197570844:G:C	197570844	0	1.226651e-06	5.786639e-08	1
1.0	1:197571173:A:C	197571173	0	1.966121e-03	6.627141e-05	1
1.0	1:197571239:C:G	197571239	0	-6.135107e-04	-2.042183e-05	1
1.0	1:197571246:T:C	197571246	0	3.865064e-04	1.285114e-05	1
1.0	1:197571577:G:A	197571577	0	-6.988049e-04	-2.325815e-05	1
1.0	1:197571885:C:T	197571885	0	-1.559241e-04	-5.174088e-06	1
1.0	1:197572672:A:G	197572672	0	-3.925659e-03	-1.317257e-04	1
1.0	1:197572794:T:C	197572794	0	6.001574e-04	2.034941e-05	1
1.0	1:197573021:T:C	197573021	0	1.358015e-03	4.596935e-05	1
1.0	1:197573318:AAT:A	197573318	0	-2.608205e-04	-8.669392e-06	1
1.0	1:197574134:T:C	197574134	0	3.967549e-03	1.313523e-04	1
1.0	1:197574174:A:T	197574174	0	-9.658578e-04	-3.215791e-05	1
1.0	1:197574241:T:C	197574241	0	-2.798201e-04	-9.474897e-06	1
1.0	1:197574661:C:T	197574661	0	7.815473e-04	2.644777e-05	1
1.0	1:197576350:T:C	197576350	0	-1.027308e-03	-3.486184e-05	1
1.0	1:197577447:G:A	197577447	0	-2.996838e-04	-1.014639e-05	1
1.0	1:197578795:A:G	197578795	0	8.741618e-04	2.872707e-05	1
1.0	1:197578878:A:G	197578878	0	-3.092163e-03	-1.044335e-04	1
1.0	1:197579127:C:G	197579127	0	7.640091e-04	2.555994e-05	1
1.0	1:197580001:TG:T	197580001	0	-7.917200e-04	-2.685916e-05	1
1.0	1:197580084:C:T	197580084	0	-1.040257e-03	-3.464363e-05	1
1.0	1:197580452:T:C	197580452	0	1.586534e-03	5.288689e-05	1
1.0	1:197582447:T:A	197582447	0	-1.639221e-03	-5.338383e-05	1
1.0	1:197582601:A:G	197582601	0	1.270092e-03	4.230423e-05	1
1.0	1:197582780:A:G	197582780	0	-8.959553e-05	-2.939159e-06	1
1.0	1:197582809:C:T	197582809	0	1.032297e-03	3.437337e-05	1
1.0	1:197583281:A:G	197583281	0	-1.525646e-03	-5.083787e-05	1
1.0	1:197583843:T:C	197583843	0	-1.249422e-03	-4.159670e-05	1
1.0	1:197584553:T:C	197584553	0	1.262375e-03	4.203303e-05	1
1.0	1:197585077:T:C	197585077	0	-4.727130e-04	-1.603292e-05	1
1.0	1:197586232:C:T	197586232	0	-1.732808e-03	-5.640329e-05	1
1.0	1:197588006:A:T	197588006	0	1.355911e-03	4.515437e-05	1
1.0	1:197589088:G:A	197589088	0	-4.525753e-04	-1.531150e-05	1
1.0	1:197590190:A:G	197590190	0	-1.288015e-03	-4.214835e-05	1
1.0	1:197591406:C:A	197591406	0	-1.435269e-03	-4.670424e-05	1
1.0	1:197591828:G:A	197591828	0	2.654926e-04	8.998185e-06	1
1.0	1:197592166:C:T	197592166	0	8.109706e-04	2.742707e-05	1
1.0	1:197592568:C:T	197592568	0	1.181586e-03	3.934107e-05	1
1.0	1:197593751:C:A	197593751	0	-1.604160e-03	-5.419155e-05	1
1.0	1:197595240:C:G	197595240	0	1.527425e-03	5.086337e-05	1
1.0	1:197595569:T:C	197595569	0	7.734415e-04	2.552875e-05	1
1.0	1:197596035:C:T	197596035	0	1.373908e-03	4.574493e-05	1
1.0	1:197596196:C:G	197596196	0	1.527425e-03	5.086336e-05	1
1.0	1:197596505:C:T	197596505	0	1.582557e-03	5.272021e-05	1
1.0	1:197597469:C:T	197597469	0	1.527425e-03	5.086336e-05	1
1.0	1:197598092:A:C	197598092	0	2.324257e-04	7.767742e-06	1
1.0	1:197598133:A:C	197598133	0	-2.008484e-03	-6.675376e-05	1
1.0	1:197598134:C:A	197598134	0	-2.008465e-03	-6.675311e-05	1
1.0	1:197598249:C:T	197598249	0	1.527425e-03	5.086336e-05	1
1.0	1:197599030:T:C	197599030	0	7.734415e-04	2.552874e-05	1
1.0	1:197599552:T:C	197599552	0	1.527425e-03	5.086336e-05	1
1.0	1:197601092:T:C	197601092	0	1.527425e-03	5.086336e-05	1
1.0	1:197601668:C:A	197601668	0	1.527425e-03	5.086335e-05	1
1.0	1:197601985:GT:G	197601985	0	1.527425e-03	5.086335e-05	1
1.0	1:197601988:CTCAATAACCA:C	197601988	0	1.527425e-03	5.086335e-05	1
1.0	1:197603870:C:A	197603870	0	-9.864094e-04	-3.207655e-05	1
1.0	1:197604105:CA:C	197604105	0	1.527425e-03	5.086335e-05	1
1.0	1:197604346:C:T	197604346	0	1.375637e-03	4.580931e-05	1
1.0	1:197604580:C:T	197604580	0	8.101837e-04	2.741783e-05	1
1.0	1:197606708:C:T	197606708	0	1.527425e-03	5.086335e-05	1
1.0	1:197607538:C:T	197607538	0	-1.184643e-03	-4.018445e-05	1
1.0	1:197608612:C:T	197608612	0	-7.734415e-04	-2.552874e-05	1
1.0	1:197609340:C:T	197609340	0	4.248193e-03	1.432596e-04	1
1.0	1:197611682:C:A	197611682	0	-7.734415e-04	-2.552874e-05	1
1.0	1:197612109:AT:A	197612109	0	1.587164e-03	5.287208e-05	1
1.0	1:197612247:A:C	197612247	0	4.228277e-04	1.413258e-05	1
1.0	1:197612551:T:G	197612551	0	1.521311e-03	5.066428e-05	1
1.0	1:197612759:A:G	197612759	0	1.527425e-03	5.086334e-05	1
1.0	1:197612994:A:G	197612994	0	1.587111e-03	5.287031e-05	1
1.0	1:197613756:ACCT:A	197613756	0	1.527425e-03	5.086334e-05	1
1.0	1:197613889:T:C	197613889	0	5.363640e-04	1.816577e-05	1
1.0	1:197615058:C:T	197615058	0	-5.434692e-04	-1.770946e-05	1
1.0	1:197615130:A:G	197615130	0	-3.920208e-03	-1.297651e-04	1
1.0	1:197615193:G:A	197615193	0	1.033162e-03	3.466407e-05	1
1.0	1:197615391:C:T	197615391	0	1.740339e-03	5.799987e-05	1
1.0	1:197615669:A:C	197615669	0	-3.329434e-03	-1.120915e-04	1
1.0	1:197617436:T:C	197617436	0	2.324257e-04	7.767740e-06	1
1.0	1:197618445:T:C	197618445	0	5.794114e-03	1.989291e-04	1
1.0	1:197619068:T:C	197619068	0	1.427209e-03	4.752288e-05	1
1.0	1:197619932:C:T	197619932	0	1.533840e-03	5.109424e-05	1
1.0	1:197621237:G:C	197621237	0	-7.726316e-04	-2.613983e-05	1
1.0	1:197622434:T:A	197622434	0	-6.726482e-04	-2.276492e-05	1
1.0	1:197622528:C:A	197622528	0	1.858445e-04	6.087508e-06	1
1.0	1:197623055:G:A	197623055	0	-6.726482e-04	-2.276492e-05	1
1.0	1:197623633:G:A	197623633	0	-6.726482e-04	-2.276492e-05	1
1.0	1:197624722:C:T	197624722	0	5.246627e-03	1.787741e-04	1
1.0	1:197624909:G:A	197624909	0	-1.175522e-04	-3.991098e-06	1
1.0	1:197625313:T:A	197625313	0	-1.286922e-03	-4.300036e-05	1
1.0	1:197626708:A:C	197626708	0	-1.527425e-03	-5.086333e-05	1
1.0	1:197626823:T:C	197626823	0	-2.345826e-03	-7.825130e-05	1
1.0	1:197628029:T:A	197628029	0	3.438382e-03	1.136880e-04	1
1.0	1:197629342:C:T	197629342	0	5.173131e-05	1.740968e-06	1
1.0	1:197631141:G:A	197631141	0	2.567185e-03	8.519861e-05	1
1.0	1:197631657:A:G	197631657	0	5.497936e-04	1.863996e-05	1
1.0	1:197632910:C:T	197632910	0	-1.527425e-03	-5.086333e-05	1
1.0	1:197635605:G:A	197635605	0	-1.527425e-03	-5.086333e-05	1
1.0	1:197637993:AT:A	197637993	0	-1.863248e-05	-6.051301e-07	1
1.0	1:197638716:G:A	197638716	0	1.992910e-04	6.609392e-06	1
1.0	1:197639240:AATAGTT:A	197639240	0	-1.230684e-03	-4.097156e-05	1
1.0	1:197639486:CTA:C	197639486	0	-1.804483e-03	-5.879626e-05	1
1.0	1:197640970:G:A	197640970	0	-1.164904e-03	-3.945272e-05	1
1.0	1:197644581:T:C	197644581	0	-2.863237e-03	-9.568949e-05	1
1.0	1:197644773:C:T	197644773	0	-9.864094e-04	-3.207653e-05	1
1.0	1:197645449:T:A	197645449	0	-1.409831e-03	-4.656511e-05	1
1.0	1:197646544:C:T	197646544	0	-1.286922e-03	-4.300036e-05	1
1.0	1:197649327:CTCTA:C	197649327	0	-5.217091e-04	-1.721349e-05	1
1.0	1:197649780:T:A	197649780	0	-3.418803e-04	-1.156358e-05	1
1.0	1:197649941:A:G	197649941	0	2.324257e-04	7.767740e-06	1
1.0	1:197650505:A:G	197650505	0	-1.959971e-03	-6.533972e-05	1
1.0	1:197652602:T:C	197652602	0	-1.527425e-03	-5.086332e-05	1
1.0	1:197653036:T:G	197653036	0	-1.527425e-03	-5.086332e-05	1
1.0	1:197653854:A:G	197653854	0	6.862596e-04	2.318486e-05	1
1.0	1:197657149:G:A	197657149	0	-1.527425e-03	-5.086331e-05	1
1.0	1:197657361:C:A	197657361	0	-1.527425e-03	-5.086331e-05	1
1.0	1:197658799:C:T	197658799	0	-1.527425e-03	-5.086331e-05	1
1.0	1:197659263:T:C	197659263	0	-1.319381e-03	-4.288539e-05	1
1.0	1:197659555:A:G	197659555	0	-1.527425e-03	-5.086331e-05	1
1.0	1:197660008:CA:C	197660008	0	-1.241013e-03	-4.130548e-05	1
1.0	1:197660143:C:G	197660143	0	-6.037592e-04	-2.008796e-05	1
1.0	1:197661576:T:C	197661576	0	-1.782203e-04	-6.029211e-06	1
1.0	1:197661907:C:T	197661907	0	-1.175522e-04	-3.991098e-06	1
1.0	1:197663354:T:G	197663354	0	-1.319299e-04	-4.478478e-06	1
1.0	1:197664395:G:A	197664395	0	1.814100e-03	6.059324e-05	1
1.0	1:197664819:A:AT	197664819	0	2.806572e-03	9.394139e-05	1
1.0	1:197664936:A:C	197664936	0	-2.933852e-04	-9.919115e-06	1
1.0	1:197665307:T:C	197665307	0	-7.714069e-04	-2.610752e-05	1
1.0	1:197666111:G:A	197666111	0	-3.703926e-04	-1.225683e-05	1
1.0	1:197668565:C:G	197668565	0	-2.223252e-05	-7.242128e-07	1
1.0	1:197669329:C:T	197669329	0	-4.989734e-04	-1.684231e-05	1
1.0	1:197670673:C:G	197670673	0	-9.313083e-04	-3.157033e-05	1
1.0	1:197671115:C:T	197671115	0	-6.061819e-04	-2.001011e-05	1
1.0	1:197671853:T:C	197671853	0	-7.726316e-04	-2.613983e-05	1
1.0	1:197674188:T:C	197674188	0	8.101837e-04	2.741783e-05	1
1.0	1:197674344:T:C	197674344	0	-8.587364e-05	-2.810306e-06	1
1.0	1:197675371:G:T	197675371	0	-7.800143e-04	-2.638959e-05	1
1.0	1:197676205:A:G	197676205	0	3.243255e-03	1.091045e-04	1
1.0	1:197683590:C:T	197683590	0	-1.606545e-03	-5.352041e-05	1
1.0	1:197683734:A:C	197683734	0	-2.097692e-03	-7.071786e-05	1
1.0	1:197683807:G:C	197683807	0	-1.527425e-03	-5.086330e-05	1
1.0	1:197684499:T:C	197684499	0	-1.553642e-03	-5.175751e-05	1
1.0	1:197685151:C:T	197685151	0	-1.476154e-03	-4.918354e-05	1
1.0	1:197685827:T:C	197685827	0	4.126193e-03	1.387589e-04	1
1.0	1:197687255:T:C	197687255	0	6.596785e-04	2.233572e-05	1
1.0	1:197689698:T:TG	197689698	0	-1.527425e-03	-5.086330e-05	1
1.0	1:197689967:T:C	197689967	0	-5.410158e-04	-1.773773e-05	1
1.0	1:197690664:T:TG	197690664	0	-1.527425e-03	-5.086330e-05	1
1.0	1:197691802:A:G	197691802	0	6.674577e-04	2.260560e-05	1
1.0	1:197692318:A:G	197692318	0	-1.713785e-03	-5.808815e-05	1
1.0	1:197693127:G:A	197693127	0	-1.363081e-03	-4.539650e-05	1
1.0	1:197693266:C:T	197693266	0	-4.669847e-04	-1.558160e-05	1
1.0	1:197693782:T:C	197693782	0	3.378093e-03	1.113987e-04	1
1.0	1:197694037:A:C	197694037	0	-1.429864e-03	-4.761146e-05	1
1.0	1:197695451:T:C	197695451	0	3.035018e-04	1.026262e-05	1
1.0	1:197696572:G:A	197696572	0	5.653974e-04	1.890287e-05	1
1.0	1:197697626:C:T	197697626	0	-6.877185e-04	-2.234710e-05	1
1.0	1:197698103:T:C	197698103	0	-6.564704e-04	-2.184336e-05	1
1.0	1:197698901:T:C	197698901	0	-9.266840e-04	-3.141337e-05	1
1.0	1:197699699:C:T	197699699	0	-5.913305e-04	-1.967596e-05	1
1.0	1:197700895:T:C	197700895	0	1.409943e-03	4.629762e-05	1
1.0	1:197701279:G:C	197701279	0	5.188793e-04	1.714082e-05	1
1.0	1:197701376:G:C	197701376	0	5.188793e-04	1.714082e-05	1
1.0	1:197701669:G:C	197701669	0	-8.767142e-04	-2.866554e-05	1
1.0	1:197701992:C:T	197701992	0	6.410497e-04	2.117854e-05	1
1.0	1:197702225:G:C	197702225	0	-4.147397e-04	-1.379462e-05	1
1.0	1:197702401:C:T	197702401	0	8.092271e-04	2.674886e-05	1
1.0	1:197702476:G:C	197702476	0	3.760860e-04	1.242682e-05	1
1.0	1:197703895:T:C	197703895	0	-2.208027e-03	-7.474031e-05	1
1.0	1:197704717:C:T	197704717	0	-3.994842e-04	-1.318147e-05	1
1.0	1:197706926:GAA:G	197706926	0	-9.791555e-04	-3.182067e-05	1
1.0	1:197707150:GCCT:G	197707150	0	-2.282227e-03	-7.580370e-05	1
1.0	1:197708114:G:A	197708114	0	-9.791555e-04	-3.182066e-05	1
1.0	1:197708342:G:T	197708342	0	-2.112648e-03	-7.014471e-05	1
1.0	1:197708877:G:T	197708877	0	2.758527e-04	9.223074e-06	1
1.0	1:197709961:G:A	197709961	0	1.417606e-03	4.760987e-05	1
1.0	1:197710246:T:C	197710246	0	-1.380816e-03	-4.513214e-05	1
1.0	1:197711492:C:T	197711492	0	-6.662947e-04	-2.215699e-05	1
1.0	1:197711668:T:C	197711668	0	-6.662947e-04	-2.215699e-05	1
1.0	1:197712400:A:C	197712400	0	-7.178373e-04	-2.387933e-05	1
1.0	1:197712529:TA:T	197712529	0	-6.662947e-04	-2.215699e-05	1
1.0	1:197712532:A:C	197712532	0	-6.662947e-04	-2.215699e-05	1
1.0	1:197713783:C:T	197713783	0	-6.564704e-04	-2.184335e-05	1
