chr	rs	ps	n_miss	b	beta	gamma
1.0	1:197126649:G:A	197126649	0	-2.196764e-03	-4.207148e-04	1
1.0	1:197127041:CA:C	197127041	0	-5.036863e-03	-1.150776e-03	1
1.0	1:197127491:A:C	197127491	0	-6.356156e-03	-1.244349e-03	1
1.0	1:197127578:A:G	197127578	0	2.125890e-03	4.571868e-04	1
1.0	1:197128358:T:C	197128358	0	2.662848e-03	6.716240e-04	1
1.0	1:197128726:G:A	197128726	0	-5.940332e-03	-1.146945e-03	1
1.0	1:197129597:G:A	197129597	0	2.662848e-03	6.716240e-04	1
1.0	1:197129981:C:T	197129981	0	-5.940332e-03	-1.146945e-03	1
1.0	1:197130577:T:TTTGTTAAATATTA	197130577	0	-5.271826e-03	-1.202032e-03	1
1.0	1:197130742:G:GAAGT	197130742	0	-6.638951e-03	-1.526975e-03	1
1.0	1:197130983:A:T	197130983	0	1.478491e-03	3.423468e-04	1
1.0	1:197131374:G:A	197131374	0	1.718006e-03	2.815880e-04	1
1.0	1:197131655:T:C	197131655	0	-5.366497e-03	-1.225191e-03	1
1.0	1:197131701:G:A	197131701	0	-7.215069e-03	-1.261025e-03	1
1.0	1:197131790:C:G	197131790	0	-6.885250e-03	-1.209437e-03	1
1.0	1:197132378:G:A	197132378	0	-5.485034e-03	-1.261947e-03	1
1.0	1:197134567:G:A	197134567	0	-2.153990e-03	-5.258640e-04	1
1.0	1:197134657:G:A	197134657	0	-7.116382e-03	-1.241673e-03	1
1.0	1:197135226:C:T	197135226	0	-2.201134e-03	-5.375551e-04	1
1.0	1:197135466:C:A	197135466	0	3.284389e-03	5.411676e-04	1
1.0	1:197135643:C:T	197135643	0	-7.154411e-03	-1.249684e-03	1
1.0	1:197136645:T:C	197136645	0	-4.374049e-03	-9.764257e-04	1
1.0	1:197136779:T:TA	197136779	0	-4.029584e-04	-1.012346e-04	1
1.0	1:197137448:C:T	197137448	0	-5.953075e-03	-1.311684e-03	1
1.0	1:197137753:A:G	197137753	0	-6.404980e-03	-1.120292e-03	1
1.0	1:197139390:C:CT	197139390	0	-4.419227e-03	-9.995284e-04	1
1.0	1:197141243:A:C	197141243	0	-6.805258e-03	-1.632826e-03	1
1.0	1:197141251:C:A	197141251	0	-2.078656e-03	-5.266313e-04	1
1.0	1:197141253:A:C	197141253	0	-3.417770e-03	-6.768095e-04	1
1.0	1:197141261:A:G	197141261	0	1.043110e-02	3.092833e-03	1
1.0	1:197141956:T:C	197141956	0	-8.795948e-03	-1.592531e-03	1
1.0	1:197141988:G:T	197141988	0	8.879707e-03	1.733129e-03	1
1.0	1:197143246:G:A	197143246	0	-7.215069e-03	-1.261024e-03	1
1.0	1:197143278:C:T	197143278	0	-4.374049e-03	-9.764254e-04	1
1.0	1:197143279:A:C	197143279	0	-4.374049e-03	-9.764254e-04	1
1.0	1:197143618:G:A	197143618	0	3.918156e-03	8.784297e-04	1
1.0	1:197144383:T:G	197144383	0	-4.832347e-03	-1.096029e-03	1
1.0	1:197145382:C:G	197145382	0	-4.346548e-03	-9.704172e-04	1
1.0	1:197145413:T:C	197145413	0	-7.018309e-03	-1.222543e-03	1
1.0	1:197145999:C:A	197145999	0	-7.115508e-03	-1.241495e-03	1
1.0	1:197146144:A:C	197146144	0	3.279509e-03	7.253865e-04	1
1.0	1:197147471:A:C	197147471	0	-8.003223e-03	-1.424841e-03	1
1.0	1:197147800:T:A	197147800	0	-6.020334e-03	-1.041041e-03	1
1.0	1:197148577:T:C	197148577	0	-7.342463e-03	-1.287540e-03	1
1.0	1:197148599:T:C	197148599	0	-5.101017e-03	-1.159367e-03	1
1.0	1:197148761:T:C	197148761	0	-4.492587e-03	-1.009926e-03	1
1.0	1:197150638:A:G	197150638	0	-4.492587e-03	-1.009926e-03	1
1.0	1:197150731:A:G	197150731	0	-2.249446e-03	-5.597004e-04	1
1.0	1:197151246:C:T	197151246	0	-4.374049e-03	-9.764247e-04	1
1.0	1:197151459:TAAC:T	197151459	0	9.966483e-03	2.000441e-03	1
1.0	1:197151626:C:CA	197151626	0	3.550271e-03	5.864861e-04	1
1.0	1:197151712:G:A	197151712	0	-3.502727e-03	-8.736868e-04	1
1.0	1:197151776:C:T	197151776	0	1.444316e-03	3.437037e-04	1
1.0	1:197152149:A:C	197152149	0	-4.492587e-03	-1.009926e-03	1
1.0	1:197153188:A:G	197153188	0	-4.492587e-03	-1.009926e-03	1
1.0	1:197153767:T:C	197153767	0	-6.191354e-03	-1.240965e-03	1
1.0	1:197154837:C:A	197154837	0	-7.658438e-03	-1.357729e-03	1
1.0	1:197155021:A:G	197155021	0	3.284389e-03	5.411659e-04	1
1.0	1:197155786:G:T	197155786	0	-8.120877e-03	-1.439095e-03	1
1.0	1:197155951:G:T	197155951	0	-9.488311e-03	-2.087144e-03	1
1.0	1:197156055:C:T	197156055	0	3.993640e-03	6.583757e-04	1
1.0	1:197157894:T:A	197157894	0	9.933971e-03	1.982676e-03	1
1.0	1:197158599:C:T	197158599	0	9.933971e-03	1.982676e-03	1
1.0	1:197159112:C:G	197159112	0	-4.374049e-03	-9.764245e-04	1
1.0	1:197159347:G:A	197159347	0	-5.940332e-03	-1.146946e-03	1
1.0	1:197160315:C:T	197160315	0	-8.089573e-03	-1.441622e-03	1
1.0	1:197160338:C:T	197160338	0	3.550271e-03	5.864852e-04	1
1.0	1:197161212:T:G	197161212	0	-4.374049e-03	-9.764244e-04	1
1.0	1:197161428:T:C	197161428	0	-4.492587e-03	-1.009925e-03	1
1.0	1:197162552:T:C	197162552	0	-4.423598e-04	-1.122334e-04	1
1.0	1:197162563:A:C	197162563	0	2.572984e-03	4.591466e-04	1
1.0	1:197163928:A:T	197163928	0	2.854317e-03	5.099600e-04	1
1.0	1:197165014:G:A	197165014	0	2.881088e-03	5.154364e-04	1
1.0	1:197165186:C:T	197165186	0	-3.972012e-03	-8.813714e-04	1
1.0	1:197165267:G:A	197165267	0	4.286348e-03	7.428671e-04	1
1.0	1:197165712:C:T	197165712	0	2.232092e-03	3.761104e-04	1
1.0	1:197166052:G:C	197166052	0	-7.517267e-03	-1.348276e-03	1
1.0	1:197166080:T:TC	197166080	0	-3.325449e-03	-7.178523e-04	1
1.0	1:197166386:T:A	197166386	0	-6.420894e-04	-1.404840e-04	1
1.0	1:197167465:C:T	197167465	0	-1.142717e-03	-2.224235e-04	1
1.0	1:197170027:A:G	197170027	0	-1.577339e-03	-2.670547e-04	1
1.0	1:197170552:TGA:T	197170552	0	-3.325449e-03	-7.178522e-04	1
1.0	1:197171088:A:G	197171088	0	-3.839457e-04	-9.740078e-05	1
1.0	1:197174647:T:C	197174647	0	8.580222e-03	1.775950e-03	1
1.0	1:197175214:G:A	197175214	0	-7.963260e-03	-1.424921e-03	1
1.0	1:197175487:G:A	197175487	0	-2.479108e-03	-6.367325e-04	1
1.0	1:197176159:T:C	197176159	0	-7.902972e-03	-1.430397e-03	1
1.0	1:197176169:G:T	197176169	0	-1.004335e-03	-1.846177e-04	1
1.0	1:197176536:C:T	197176536	0	-2.716591e-03	-4.635982e-04	1
1.0	1:197177632:A:G	197177632	0	8.580222e-03	1.775950e-03	1
1.0	1:197177787:T:G	197177787	0	-8.114347e-03	-1.456440e-03	1
1.0	1:197178620:C:T	197178620	0	-1.775560e-03	-2.972261e-04	1
1.0	1:197179651:G:A	197179651	0	-1.168347e-03	-2.879903e-04	1
1.0	1:197179710:C:T	197179710	0	-1.894097e-03	-3.162757e-04	1
1.0	1:197179795:A:C	197179795	0	-1.431351e-03	-2.583670e-04	1
1.0	1:197180369:A:T	197180369	0	6.542171e-03	1.237379e-03	1
1.0	1:197180924:G:A	197180924	0	-1.498160e-03	-2.837422e-04	1
1.0	1:197180938:A:AT	197180938	0	-1.764611e-03	-3.021877e-04	1
1.0	1:197181320:G:T	197181320	0	-8.832226e-03	-1.621406e-03	1
1.0	1:197181860:A:G	197181860	0	6.208411e-03	1.166631e-03	1
1.0	1:197181988:C:T	197181988	0	-3.839457e-04	-9.740074e-05	1
1.0	1:197183656:G:A	197183656	0	-8.114347e-03	-1.456439e-03	1
1.0	1:197183788:T:TA	197183788	0	-1.274763e-03	-2.993520e-04	1
1.0	1:197184935:C:T	197184935	0	-1.913747e-03	-4.841050e-04	1
1.0	1:197185649:C:T	197185649	0	-1.924658e-03	-3.226582e-04	1
1.0	1:197186321:T:C	197186321	0	5.604360e-04	1.422572e-04	1
1.0	1:197186449:A:G	197186449	0	1.083767e-02	3.235828e-03	1
1.0	1:197187605:C:T	197187605	0	-1.894097e-03	-3.162755e-04	1
1.0	1:197187779:C:T	197187779	0	-3.325449e-03	-7.178518e-04	1
1.0	1:197187956:G:A	197187956	0	7.232469e-03	1.415127e-03	1
1.0	1:197188664:A:G	197188664	0	-3.325449e-03	-7.178518e-04	1
1.0	1:197188908:T:C	197188908	0	-3.325449e-03	-7.178517e-04	1
1.0	1:197189447:T:C	197189447	0	-1.775560e-03	-2.972258e-04	1
1.0	1:197189827:C:T	197189827	0	2.662848e-03	6.716245e-04	1
1.0	1:197190675:A:C	197190675	0	-1.431351e-03	-2.583671e-04	1
1.0	1:197191330:A:C	197191330	0	-3.839457e-04	-9.740072e-05	1
1.0	1:197192913:A:G	197192913	0	6.338787e-03	1.191420e-03	1
1.0	1:197192918:T:C	197192918	0	-1.431351e-03	-2.583670e-04	1
1.0	1:197194270:T:G	197194270	0	-3.839457e-04	-9.740072e-05	1
1.0	1:197194271:C:A	197194271	0	-3.839457e-04	-9.740072e-05	1
1.0	1:197194500:A:T	197194500	0	2.098928e-03	5.107415e-04	1
1.0	1:197195061:G:A	197195061	0	-1.431351e-03	-2.583669e-04	1
1.0	1:197195279:T:C	197195279	0	-1.431351e-03	-2.583669e-04	1
1.0	1:197195650:C:T	197195650	0	-1.894097e-03	-3.162756e-04	1
1.0	1:197197644:A:G	197197644	0	-3.325449e-03	-7.178516e-04	1
1.0	1:197197708:A:G	197197708	0	-3.846531e-03	-7.255263e-04	1
1.0	1:197198217:C:T	197198217	0	-7.216457e-03	-1.787232e-03	1
1.0	1:197198425:C:T	197198425	0	5.962177e-03	1.481430e-03	1
1.0	1:197198558:T:C	197198558	0	-3.325449e-03	-7.178515e-04	1
1.0	1:197198563:C:A	197198563	0	-3.325449e-03	-7.178515e-04	1
1.0	1:197198733:C:T	197198733	0	-1.894097e-03	-3.162755e-04	1
1.0	1:197199434:T:G	197199434	0	6.338787e-03	1.191420e-03	1
1.0	1:197201223:G:A	197201223	0	-3.702120e-04	-9.301059e-05	1
1.0	1:197201796:C:A	197201796	0	-8.114347e-03	-1.456439e-03	1
1.0	1:197201860:G:A	197201860	0	-3.950871e-03	-1.003809e-03	1
1.0	1:197204142:A:G	197204142	0	2.810865e-03	7.243971e-04	1
1.0	1:197207605:A:G	197207605	0	-8.223222e-04	-1.480052e-04	1
1.0	1:197207702:G:A	197207702	0	-1.112392e-03	-2.747096e-04	1
1.0	1:197208161:CT:C	197208161	0	-8.223222e-04	-1.480051e-04	1
1.0	1:197210017:A:G	197210017	0	-8.223222e-04	-1.480051e-04	1
1.0	1:197210208:T:C	197210208	0	-8.114347e-03	-1.456438e-03	1
1.0	1:197210990:A:G	197210990	0	4.641593e-04	8.521408e-05	1
1.0	1:197211719:T:C	197211719	0	-3.053289e-03	-7.735317e-04	1
1.0	1:197211977:C:T	197211977	0	-8.596351e-04	-1.550056e-04	1
1.0	1:197214088:A:G	197214088	0	-8.114347e-03	-1.456438e-03	1
1.0	1:197214777:T:G	197214777	0	-8.223222e-04	-1.480051e-04	1
1.0	1:197215176:G:A	197215176	0	-8.223222e-04	-1.480051e-04	1
1.0	1:197215673:T:C	197215673	0	-8.223222e-04	-1.480050e-04	1
1.0	1:197216219:C:T	197216219	0	-7.902126e-03	-1.412588e-03	1
1.0	1:197216632:A:G	197216632	0	-2.716420e-03	-5.854793e-04	1
1.0	1:197216681:G:A	197216681	0	6.338787e-03	1.191419e-03	1
1.0	1:197216966:T:C	197216966	0	-8.114347e-03	-1.456438e-03	1
1.0	1:197217206:T:G	197217206	0	3.024208e-03	7.515860e-04	1
1.0	1:197217327:T:C	197217327	0	3.024208e-03	7.515860e-04	1
1.0	1:197218051:G:A	197218051	0	-2.909531e-03	-6.318676e-04	1
1.0	1:197218422:C:T	197218422	0	1.083767e-02	3.235827e-03	1
1.0	1:197218799:A:G	197218799	0	-7.799671e-04	-1.438812e-04	1
1.0	1:197219127:T:C	197219127	0	6.276274e-03	1.180909e-03	1
1.0	1:197219577:C:G	197219577	0	-1.479820e-03	-3.770003e-04	1
1.0	1:197220598:A:T	197220598	0	-2.716420e-03	-5.854791e-04	1
1.0	1:197221248:C:T	197221248	0	6.069157e-04	1.114260e-04	1
1.0	1:197221406:T:C	197221406	0	-1.941368e-03	-3.302843e-04	1
1.0	1:197221904:A:G	197221904	0	-3.745884e-03	-8.211912e-04	1
1.0	1:197223447:A:G	197223447	0	3.887674e-03	9.687398e-04	1
1.0	1:197226009:T:C	197226009	0	-3.051582e-03	-5.234165e-04	1
1.0	1:197226274:G:A	197226274	0	6.338787e-03	1.191418e-03	1
1.0	1:197227033:G:A	197227033	0	-8.223222e-04	-1.480049e-04	1
1.0	1:197228399:G:A	197228399	0	-2.411287e-03	-4.302315e-04	1
1.0	1:197229346:A:AAC	197229346	0	6.571206e-03	1.670060e-03	1
1.0	1:197231811:C:G	197231811	0	-8.524274e-03	-1.560809e-03	1
1.0	1:197232058:G:A	197232058	0	-3.839457e-04	-9.740064e-05	1
1.0	1:197232855:G:A	197232855	0	-1.068551e-03	-1.931464e-04	1
1.0	1:197233086:A:G	197233086	0	-8.223222e-04	-1.480049e-04	1
1.0	1:197233413:A:G	197233413	0	-8.223222e-04	-1.480048e-04	1
1.0	1:197235524:C:A	197235524	0	-1.948278e-03	-3.266611e-04	1
1.0	1:197235697:A:C	197235697	0	-6.122383e-04	-1.033885e-04	1
1.0	1:197235926:C:T	197235926	0	-8.223222e-04	-1.480048e-04	1
1.0	1:197237937:G:A	197237937	0	-8.926072e-03	-1.641954e-03	1
1.0	1:197238736:G:A	197238736	0	-8.926072e-03	-1.641953e-03	1
1.0	1:197238849:C:G	197238849	0	-8.223222e-04	-1.480050e-04	1
1.0	1:197240482:G:A	197240482	0	-1.036090e-03	-1.869325e-04	1
1.0	1:197240501:C:G	197240501	0	2.810865e-03	7.243972e-04	1
1.0	1:197240942:TC:T	197240942	0	-8.223222e-04	-1.480049e-04	1
1.0	1:197242872:C:G	197242872	0	-9.138027e-03	-1.699090e-03	1
1.0	1:197242933:G:C	197242933	0	-9.138027e-03	-1.699089e-03	1
1.0	1:197243395:C:A	197243395	0	-3.934658e-04	-7.213893e-05	1
1.0	1:197243571:A:C	197243571	0	6.346586e-03	1.617702e-03	1
1.0	1:197244096:A:T	197244096	0	-9.138363e-03	-1.699167e-03	1
1.0	1:197244197:T:C	197244197	0	-3.933062e-04	-7.210965e-05	1
1.0	1:197244290:G:A	197244290	0	7.021609e-03	1.364355e-03	1
1.0	1:197244456:C:G	197244456	0	-3.839457e-04	-9.740061e-05	1
1.0	1:197245860:A:G	197245860	0	-1.894097e-03	-3.162748e-04	1
1.0	1:197246217:T:G	197246217	0	3.887674e-03	9.687400e-04	1
1.0	1:197246414:C:T	197246414	0	-8.223222e-04	-1.480050e-04	1
1.0	1:197246968:C:A	197246968	0	-1.775560e-03	-2.972252e-04	1
1.0	1:197247814:A:G	197247814	0	-8.926072e-03	-1.641952e-03	1
1.0	1:197248016:A:G	197248016	0	-8.223222e-04	-1.480051e-04	1
1.0	1:197250615:G:A	197250615	0	-2.716420e-03	-5.854784e-04	1
1.0	1:197253267:T:C	197253267	0	-2.716420e-03	-5.854784e-04	1
1.0	1:197254186:G:A	197254186	0	-3.846531e-03	-7.255262e-04	1
1.0	1:197254535:T:C	197254535	0	-2.616431e-03	-6.472705e-04	1
1.0	1:197255992:T:C	197255992	0	-8.223222e-04	-1.480050e-04	1
1.0	1:197256688:G:T	197256688	0	-2.716420e-03	-5.854783e-04	1
1.0	1:197257090:T:C	197257090	0	7.150512e-03	1.390236e-03	1
1.0	1:197257556:C:T	197257556	0	-2.777819e-03	-5.993806e-04	1
1.0	1:197257855:G:A	197257855	0	-9.881522e-04	-1.783560e-04	1
1.0	1:197257913:A:C	197257913	0	-1.361734e-03	-2.467239e-04	1
1.0	1:197258736:A:G	197258736	0	-3.971408e-04	-7.281417e-05	1
1.0	1:197260652:C:A	197260652	0	-8.750710e-03	-1.619891e-03	1
1.0	1:197261492:G:A	197261492	0	3.123090e-03	7.771061e-04	1
1.0	1:197261598:T:C	197261598	0	7.518064e-03	1.477161e-03	1
1.0	1:197262184:C:T	197262184	0	7.150512e-03	1.390235e-03	1
1.0	1:197263737:A:G	197263737	0	-8.223222e-04	-1.480047e-04	1
1.0	1:197263740:C:T	197263740	0	-8.223222e-04	-1.480047e-04	1
1.0	1:197263972:C:T	197263972	0	-3.745884e-03	-8.211903e-04	1
1.0	1:197265113:T:TTTCTC	197265113	0	-1.225663e-02	-2.580170e-03	1
1.0	1:197265563:CT:C	197265563	0	3.271877e-03	8.232614e-04	1
1.0	1:197265641:C:T	197265641	0	-1.128604e-02	-2.169394e-03	1
1.0	1:197265842:C:T	197265842	0	-2.241435e-03	-5.297098e-04	1
1.0	1:197265955:C:G	197265955	0	-2.241435e-03	-5.297098e-04	1
1.0	1:197266535:G:A	197266535	0	-9.006769e-03	-1.660892e-03	1
1.0	1:197266587:A:T	197266587	0	-1.210837e-02	-2.523063e-03	1
1.0	1:197266940:G:A	197266940	0	-2.241435e-03	-5.297098e-04	1
1.0	1:197267532:C:A	197267532	0	-1.071995e-02	-2.066038e-03	1
1.0	1:197268347:G:A	197268347	0	-3.543382e-04	-8.900108e-05	1
1.0	1:197268493:G:A	197268493	0	-8.926072e-03	-1.641950e-03	1
1.0	1:197268700:A:AT	197268700	0	-1.178802e-02	-2.434100e-03	1
1.0	1:197271300:C:G	197271300	0	-2.241435e-03	-5.297097e-04	1
1.0	1:197273689:T:C	197273689	0	-7.651090e-04	-1.942686e-04	1
1.0	1:197273692:G:A	197273692	0	-7.651090e-04	-1.942686e-04	1
1.0	1:197273981:T:C	197273981	0	-8.223222e-04	-1.480047e-04	1
1.0	1:197275153:G:A	197275153	0	3.574010e-03	9.029211e-04	1
1.0	1:197277205:GTA:G	197277205	0	-7.516966e-04	-1.587403e-04	1
1.0	1:197277907:A:G	197277907	0	1.143664e-03	2.773994e-04	1
1.0	1:197278293:T:C	197278293	0	-2.558468e-03	-4.864857e-04	1
1.0	1:197278655:C:T	197278655	0	-2.241435e-03	-5.297097e-04	1
1.0	1:197279209:G:A	197279209	0	-8.223222e-04	-1.480046e-04	1
1.0	1:197279780:T:G	197279780	0	2.172351e-03	4.990778e-04	1
1.0	1:197280295:A:C	197280295	0	-1.210837e-02	-2.523061e-03	1
1.0	1:197280358:C:T	197280358	0	-1.116751e-02	-2.160256e-03	1
1.0	1:197281307:A:G	197281307	0	5.604360e-04	1.422577e-04	1
1.0	1:197281941:A:G	197281941	0	-1.236256e-02	-2.609250e-03	1
1.0	1:197281954:T:A	197281954	0	-1.236322e-02	-2.609453e-03	1
1.0	1:197282079:T:C	197282079	0	-1.210837e-02	-2.523059e-03	1
1.0	1:197282109:A:T	197282109	0	-8.223222e-04	-1.480041e-04	1
1.0	1:197283185:C:T	197283185	0	-1.210837e-02	-2.523058e-03	1
1.0	1:197285416:A:G	197285416	0	-1.210837e-02	-2.523057e-03	1
1.0	1:197285535:C:CG	197285535	0	-1.210837e-02	-2.523057e-03	1
1.0	1:197288308:G:T	197288308	0	2.422994e-03	4.231469e-04	1
1.0	1:197289719:G:A	197289719	0	1.083767e-02	3.235824e-03	1
1.0	1:197289793:A:T	197289793	0	-1.913747e-03	-4.841059e-04	1
1.0	1:197290325:G:A	197290325	0	-8.223222e-04	-1.480035e-04	1
1.0	1:197291306:A:G	197291306	0	-1.210837e-02	-2.523056e-03	1
1.0	1:197291537:G:T	197291537	0	-2.241435e-03	-5.297091e-04	1
1.0	1:197291690:C:A	197291690	0	-8.859988e-03	-1.627642e-03	1
1.0	1:197291727:C:T	197291727	0	-3.258534e-03	-6.132131e-04	1
1.0	1:197291912:T:A	197291912	0	-8.926072e-03	-1.641947e-03	1
1.0	1:197292749:T:A	197292749	0	-1.210837e-02	-2.523055e-03	1
1.0	1:197293423:T:A	197293423	0	-2.201134e-03	-5.375531e-04	1
1.0	1:197293606:G:A	197293606	0	-1.210837e-02	-2.523054e-03	1
1.0	1:197294699:C:T	197294699	0	-1.210837e-02	-2.523053e-03	1
1.0	1:197295641:A:T	197295641	0	-8.223222e-04	-1.480031e-04	1
1.0	1:197295847:C:A	197295847	0	-3.543382e-04	-8.900113e-05	1
1.0	1:197295886:G:A	197295886	0	-9.004238e-03	-1.660946e-03	1
1.0	1:197295974:C:T	197295974	0	-8.190041e-03	-1.496293e-03	1
1.0	1:197296376:A:C	197296376	0	-1.112392e-03	-2.747097e-04	1
1.0	1:197296830:ATCTTT:A	197296830	0	-3.366278e-04	-8.538580e-05	1
1.0	1:197297408:A:G	197297408	0	-1.210837e-02	-2.523052e-03	1
1.0	1:197297417:T:C	197297417	0	-1.116751e-02	-2.160250e-03	1
1.0	1:197297540:A:T	197297540	0	-8.542264e-03	-1.575464e-03	1
1.0	1:197298373:T:C	197298373	0	-1.210837e-02	-2.523051e-03	1
1.0	1:197298860:C:G	197298860	0	-1.210837e-02	-2.523050e-03	1
1.0	1:197299000:A:T	197299000	0	-1.210837e-02	-2.523050e-03	1
1.0	1:197299315:C:T	197299315	0	-1.017525e-02	-2.020136e-03	1
1.0	1:197299922:AC:A	197299922	0	-9.773168e-03	-2.095174e-03	1
1.0	1:197300267:A:G	197300267	0	-1.017525e-02	-2.020135e-03	1
1.0	1:197300496:A:G	197300496	0	-1.030523e-02	-2.056857e-03	1
1.0	1:197300995:A:C	197300995	0	-7.308239e-03	-1.307214e-03	1
1.0	1:197302140:A:T	197302140	0	-1.563829e-04	-3.890062e-05	1
1.0	1:197302402:T:G	197302402	0	-1.210837e-02	-2.523047e-03	1
1.0	1:197302665:A:G	197302665	0	-7.907773e-03	-1.439970e-03	1
1.0	1:197302690:A:G	197302690	0	-1.250519e-02	-2.647357e-03	1
1.0	1:197302717:T:C	197302717	0	-3.518558e-03	-7.694607e-04	1
1.0	1:197304081:T:G	197304081	0	-1.210837e-02	-2.523045e-03	1
1.0	1:197304361:C:G	197304361	0	-7.475762e-03	-1.341599e-03	1
1.0	1:197304932:C:A	197304932	0	-4.379374e-04	-1.069034e-04	1
1.0	1:197305049:GCCC:G	197305049	0	-7.475762e-03	-1.341599e-03	1
1.0	1:197305053:T:G	197305053	0	-7.475762e-03	-1.341599e-03	1
1.0	1:197305270:A:T	197305270	0	-1.210837e-02	-2.523044e-03	1
1.0	1:197305571:ATAT:A	197305571	0	-2.951606e-03	-5.680181e-04	1
1.0	1:197306099:C:T	197306099	0	-1.210837e-02	-2.523043e-03	1
1.0	1:197306247:T:C	197306247	0	-9.182597e-04	-2.239527e-04	1
1.0	1:197306404:T:G	197306404	0	3.011254e-03	7.482871e-04	1
1.0	1:197307120:C:T	197307120	0	2.906575e-03	5.071191e-04	1
1.0	1:197307318:A:T	197307318	0	-2.652753e-03	-5.112888e-04	1
1.0	1:197308081:G:T	197308081	0	-2.467422e-03	-5.890288e-04	1
1.0	1:197308507:G:A	197308507	0	-2.833068e-03	-5.453351e-04	1
1.0	1:197308740:G:A	197308740	0	-2.833068e-03	-5.453351e-04	1
1.0	1:197309594:G:T	197309594	0	-1.210837e-02	-2.523042e-03	1
1.0	1:197309603:T:C	197309603	0	-1.210837e-02	-2.523041e-03	1
1.0	1:197309622:GA:G	197309622	0	-7.475762e-03	-1.341597e-03	1
1.0	1:197310096:T:C	197310096	0	-1.269841e-02	-2.698406e-03	1
1.0	1:197310367:A:G	197310367	0	-4.112632e-03	-7.986288e-04	1
1.0	1:197310747:G:A	197310747	0	2.309757e-03	5.506303e-04	1
1.0	1:197310777:G:T	197310777	0	1.369314e-04	2.783379e-05	1
1.0	1:197311228:T:C	197311228	0	-2.638153e-03	-4.965733e-04	1
1.0	1:197311241:C:T	197311241	0	8.196382e-03	1.663414e-03	1
1.0	1:197311971:T:C	197311971	0	-3.147228e-03	-6.757227e-04	1
1.0	1:197312162:C:G	197312162	0	-1.152706e-02	-2.722727e-03	1
1.0	1:197312434:A:T	197312434	0	-3.147228e-03	-6.757227e-04	1
1.0	1:197312742:T:A	197312742	0	-3.028691e-03	-6.530219e-04	1
1.0	1:197312942:A:C	197312942	0	-9.697617e-04	-2.124652e-04	1
1.0	1:197313739:A:G	197313739	0	-2.141172e-04	-5.273348e-05	1
1.0	1:197314384:G:A	197314384	0	-9.697617e-04	-2.124652e-04	1
1.0	1:197314588:G:A	197314588	0	-2.101611e-03	-5.324453e-04	1
1.0	1:197315402:C:T	197315402	0	-1.115643e-02	-2.608299e-03	1
1.0	1:197316239:C:G	197316239	0	-1.152706e-02	-2.722727e-03	1
1.0	1:197316408:T:G	197316408	0	-3.147228e-03	-6.757226e-04	1
1.0	1:197316435:T:C	197316435	0	-1.152706e-02	-2.722726e-03	1
1.0	1:197316644:C:T	197316644	0	-2.141172e-04	-5.273344e-05	1
1.0	1:197316970:T:TAA	197316970	0	-1.183373e-02	-2.600175e-03	1
1.0	1:197317088:C:CTT	197317088	0	-3.213352e-03	-6.907126e-04	1
1.0	1:197317238:G:A	197317238	0	-2.943329e-03	-5.177335e-04	1
1.0	1:197317546:G:A	197317546	0	-1.569712e-03	-3.961173e-04	1
1.0	1:197317668:G:A	197317668	0	-2.141172e-04	-5.273343e-05	1
1.0	1:197318034:T:TTTTAA	197318034	0	-3.147228e-03	-6.757227e-04	1
1.0	1:197318153:C:T	197318153	0	1.556661e-03	3.927983e-04	1
1.0	1:197318309:A:G	197318309	0	-3.028691e-03	-6.530219e-04	1
1.0	1:197319799:A:G	197319799	0	-1.962934e-03	-4.872677e-04	1
1.0	1:197320786:T:A	197320786	0	-1.152706e-02	-2.722726e-03	1
1.0	1:197321440:C:T	197321440	0	-3.028691e-03	-6.530219e-04	1
1.0	1:197321451:A:G	197321451	0	-9.697617e-04	-2.124651e-04	1
1.0	1:197322520:C:G	197322520	0	-1.152706e-02	-2.722726e-03	1
1.0	1:197323727:C:T	197323727	0	-9.697617e-04	-2.124651e-04	1
1.0	1:197324195:T:G	197324195	0	-1.152706e-02	-2.722725e-03	1
1.0	1:197324200:T:G	197324200	0	-9.815776e-03	-2.188104e-03	1
1.0	1:197324562:G:A	197324562	0	-9.697617e-04	-2.124651e-04	1
1.0	1:197324983:T:C	197324983	0	-1.088299e-03	-2.371267e-04	1
1.0	1:197325908:T:G	197325908	0	-1.111948e-02	-2.644544e-03	1
1.0	1:197326373:T:C	197326373	0	-9.697617e-04	-2.124651e-04	1
1.0	1:197326492:A:T	197326492	0	6.278952e-04	1.533671e-04	1
1.0	1:197326609:C:CT	197326609	0	-7.248255e-03	-1.351204e-03	1
1.0	1:197327001:T:TA	197327001	0	-2.145208e-03	-5.066359e-04	1
1.0	1:197327399:C:T	197327399	0	-9.697617e-04	-2.124651e-04	1
1.0	1:197327547:C:A	197327547	0	-7.410416e-04	-1.810764e-04	1
1.0	1:197327930:GGTCAAAT:G	197327930	0	-8.379831e-03	-1.559856e-03	1
1.0	1:197329041:A:T	197329041	0	-1.111948e-02	-2.644543e-03	1
1.0	1:197329275:T:C	197329275	0	-7.972248e-03	-1.491399e-03	1
1.0	1:197329535:A:C	197329535	0	-9.060547e-03	-1.966365e-03	1
1.0	1:197329774:G:A	197329774	0	1.934656e-04	4.724624e-05	1
1.0	1:197330185:T:A	197330185	0	-1.111948e-02	-2.644543e-03	1
1.0	1:197331808:A:G	197331808	0	-1.088299e-03	-2.371267e-04	1
1.0	1:197331809:T:C	197331809	0	-7.972248e-03	-1.491399e-03	1
1.0	1:197332157:A:G	197332157	0	-1.120120e-02	-2.747944e-03	1
1.0	1:197333779:G:A	197333779	0	-1.152706e-02	-2.722724e-03	1
1.0	1:197334159:CT:C	197334159	0	-6.553653e-03	-1.237439e-03	1
1.0	1:197334422:C:T	197334422	0	-1.138633e-03	-2.545001e-04	1
1.0	1:197335178:A:T	197335178	0	-2.247355e-03	-4.812226e-04	1
1.0	1:197337036:C:T	197337036	0	-2.102992e-03	-5.327937e-04	1
1.0	1:197337668:T:C	197337668	0	-9.697617e-04	-2.124651e-04	1
1.0	1:197337830:G:A	197337830	0	-1.152706e-02	-2.722723e-03	1
1.0	1:197339183:C:G	197339183	0	-9.697617e-04	-2.124651e-04	1
1.0	1:197339479:G:A	197339479	0	-1.152706e-02	-2.722723e-03	1
1.0	1:197341587:A:T	197341587	0	2.889628e-03	6.768624e-04	1
1.0	1:197341901:G:A	197341901	0	-2.858811e-03	-6.195186e-04	1
1.0	1:197342380:G:A	197342380	0	-4.456264e-03	-8.283442e-04	1
1.0	1:197342686:T:C	197342686	0	-5.544563e-03	-9.918489e-04	1
1.0	1:197342725:G:A	197342725	0	-5.426026e-03	-9.667918e-04	1
1.0	1:197343295:C:G	197343295	0	-5.426026e-03	-9.667917e-04	1
1.0	1:197343296:A:G	197343296	0	-5.426026e-03	-9.667915e-04	1
1.0	1:197343763:T:C	197343763	0	-4.863095e-03	-8.574757e-04	1
1.0	1:197343950:T:A	197343950	0	-2.141527e-04	-4.147654e-05	1
1.0	1:197344461:G:A	197344461	0	-4.863095e-03	-8.574756e-04	1
1.0	1:197346913:C:G	197346913	0	-4.863095e-03	-8.574754e-04	1
1.0	1:197346937:T:C	197346937	0	4.673238e-03	7.993527e-04	1
1.0	1:197347299:T:C	197347299	0	-4.482448e-03	-7.986327e-04	1
1.0	1:197347846:G:GT	197347846	0	-5.591473e-03	-9.982972e-04	1
1.0	1:197347920:C:T	197347920	0	-4.981632e-03	-8.815451e-04	1
1.0	1:197349193:A:G	197349193	0	-4.863095e-03	-8.574749e-04	1
1.0	1:197350381:A:G	197350381	0	5.469784e-03	9.464697e-04	1
1.0	1:197350704:G:A	197350704	0	-4.863095e-03	-8.574747e-04	1
1.0	1:197351039:C:G	197351039	0	-6.217356e-04	-1.183386e-04	1
1.0	1:197351554:A:T	197351554	0	-2.141527e-04	-4.147622e-05	1
1.0	1:197352266:C:T	197352266	0	-4.863095e-03	-8.574746e-04	1
1.0	1:197352969:A:G	197352969	0	-2.141527e-04	-4.147613e-05	1
1.0	1:197354428:C:T	197354428	0	-1.962934e-03	-4.872683e-04	1
1.0	1:197354564:A:G	197354564	0	9.224973e-03	2.257992e-03	1
1.0	1:197355536:A:T	197355536	0	9.721213e-04	2.470392e-04	1
1.0	1:197355817:C:T	197355817	0	-5.385778e-03	-9.583669e-04	1
1.0	1:197357134:A:C	197357134	0	-1.296720e-03	-2.912223e-04	1
1.0	1:197357743:G:A	197357743	0	-2.606851e-04	-6.612396e-05	1
1.0	1:197358842:T:TA	197358842	0	-4.811650e-03	-8.484598e-04	1
1.0	1:197359999:G:A	197359999	0	4.378610e-03	7.372797e-04	1
1.0	1:197361571:G:A	197361571	0	-4.981632e-03	-8.815443e-04	1
1.0	1:197362651:A:AT	197362651	0	-4.624187e-03	-8.279061e-04	1
1.0	1:197362930:C:CTTAA	197362930	0	-4.618967e-03	-8.258707e-04	1
1.0	1:197363075:G:A	197363075	0	-4.981632e-03	-8.815439e-04	1
1.0	1:197363308:G:C	197363308	0	-2.141527e-04	-4.147591e-05	1
1.0	1:197363595:T:C	197363595	0	4.449453e-03	7.708819e-04	1
1.0	1:197363948:G:A	197363948	0	-4.863095e-03	-8.574737e-04	1
1.0	1:197365105:T:C	197365105	0	4.767480e-03	8.165645e-04	1
1.0	1:197365149:G:A	197365149	0	5.639771e-04	1.098548e-04	1
1.0	1:197366143:C:T	197366143	0	-2.141527e-04	-4.147581e-05	1
1.0	1:197366723:G:A	197366723	0	-1.543286e-03	-3.525297e-04	1
1.0	1:197368231:A:C	197368231	0	-2.141527e-04	-4.147576e-05	1
1.0	1:197368281:T:G	197368281	0	-4.981632e-03	-8.815435e-04	1
1.0	1:197368840:C:T	197368840	0	1.497130e-03	2.920372e-04	1
1.0	1:197369214:GC:G	197369214	0	-1.619794e-03	-3.872327e-04	1
1.0	1:197372198:A:C	197372198	0	-4.377961e-03	-7.691436e-04	1
1.0	1:197372250:C:A	197372250	0	-4.863095e-03	-8.574732e-04	1
1.0	1:197372437:G:T	197372437	0	-4.863095e-03	-8.574731e-04	1
1.0	1:197373711:A:G	197373711	0	-2.102992e-03	-5.327937e-04	1
1.0	1:197374165:GCTCGCC:G	197374165	0	1.830095e-04	4.550780e-05	1
1.0	1:197374175:G:T	197374175	0	-5.070313e-03	-9.212960e-04	1
1.0	1:197374762:G:A	197374762	0	-4.971395e-03	-9.219493e-04	1
1.0	1:197374815:T:C	197374815	0	-5.085822e-03	-9.459958e-04	1
1.0	1:197374884:C:T	197374884	0	-9.697617e-04	-2.124640e-04	1
1.0	1:197375307:T:G	197375307	0	-4.981632e-03	-8.815426e-04	1
1.0	1:197375863:AT:A	197375863	0	-9.756458e-04	-2.139667e-04	1
1.0	1:197376021:T:C	197376021	0	-4.981632e-03	-8.815425e-04	1
1.0	1:197376144:C:T	197376144	0	-4.863095e-03	-8.574723e-04	1
1.0	1:197376226:G:A	197376226	0	4.778510e-03	8.185212e-04	1
1.0	1:197376710:A:G	197376710	0	-4.482009e-03	-7.870755e-04	1
1.0	1:197376813:G:A	197376813	0	-3.155912e-03	-7.717281e-04	1
1.0	1:197377143:T:A	197377143	0	-4.981632e-03	-8.815420e-04	1
1.0	1:197377171:C:G	197377171	0	-7.635275e-04	-1.486373e-04	1
1.0	1:197379590:T:C	197379590	0	-3.586987e-03	-8.820857e-04	1
1.0	1:197379842:T:G	197379842	0	-7.643954e-04	-1.488065e-04	1
1.0	1:197381055:G:C	197381055	0	1.556661e-03	3.927983e-04	1
1.0	1:197381941:T:C	197381941	0	-4.981632e-03	-8.815419e-04	1
1.0	1:197382056:G:A	197382056	0	-4.618812e-03	-8.258390e-04	1
1.0	1:197382342:T:A	197382342	0	-4.485624e-03	-7.992334e-04	1
1.0	1:197383644:T:C	197383644	0	-4.249354e-03	-7.606910e-04	1
1.0	1:197384285:T:C	197384285	0	9.224973e-03	2.257993e-03	1
1.0	1:197384426:C:G	197384426	0	-4.011871e-03	-7.413981e-04	1
1.0	1:197386847:C:T	197386847	0	4.767480e-03	8.165632e-04	1
1.0	1:197387956:T:C	197387956	0	-4.863095e-03	-8.574712e-04	1
1.0	1:197388076:C:A	197388076	0	4.981632e-03	8.815411e-04	1
1.0	1:197388125:T:C	197388125	0	-4.863095e-03	-8.574710e-04	1
1.0	1:197388558:T:A	197388558	0	-4.863095e-03	-8.574709e-04	1
1.0	1:197388567:A:T	197388567	0	-1.774154e-04	-4.369126e-05	1
1.0	1:197388870:C:T	197388870	0	-4.314505e-03	-8.073211e-04	1
1.0	1:197388977:C:T	197388977	0	-5.499406e-03	-1.006815e-03	1
1.0	1:197389475:T:A	197389475	0	5.175985e-03	9.510392e-04	1
1.0	1:197392067:C:T	197392067	0	2.141527e-04	4.147476e-05	1
1.0	1:197392184:A:AT	197392184	0	3.845006e-04	9.473195e-05	1
1.0	1:197392891:T:C	197392891	0	-4.863095e-03	-8.574705e-04	1
1.0	1:197395234:G:A	197395234	0	-9.970178e-04	-2.508733e-04	1
1.0	1:197396108:C:A	197396108	0	-1.193629e-04	-2.324913e-05	1
1.0	1:197398086:A:G	197398086	0	-4.648942e-03	-7.886140e-04	1
1.0	1:197399172:C:T	197399172	0	4.767480e-03	8.165625e-04	1
1.0	1:197406760:GAA:G	197406760	0	4.532815e-03	7.797847e-04	1
1.0	1:197407886:A:AT	197407886	0	1.143797e-04	2.215386e-05	1
1.0	1:197408660:C:T	197408660	0	2.141527e-04	4.147464e-05	1
1.0	1:197412029:C:T	197412029	0	4.571987e-03	7.869366e-04	1
1.0	1:197412372:A:G	197412372	0	-6.433287e-04	-1.543787e-04	1
1.0	1:197412976:C:T	197412976	0	4.977241e-03	8.615551e-04	1
1.0	1:197413165:A:T	197413165	0	-1.497130e-03	-2.920382e-04	1
1.0	1:197413166:C:A	197413166	0	-1.497130e-03	-2.920383e-04	1
1.0	1:197414097:G:A	197414097	0	-4.262257e-03	-7.594514e-04	1
1.0	1:197415455:T:G	197415455	0	1.934656e-04	4.724592e-05	1
1.0	1:197415707:G:T	197415707	0	-3.510496e-03	-8.779033e-04	1
1.0	1:197417254:A:G	197417254	0	-2.606851e-04	-6.612370e-05	1
1.0	1:197419837:G:A	197419837	0	4.766755e-03	8.840002e-04	1
1.0	1:197420608:A:T	197420608	0	2.848602e-03	7.270542e-04	1
1.0	1:197420724:A:G	197420724	0	1.102895e-03	2.776242e-04	1
1.0	1:197421926:A:T	197421926	0	-3.155912e-03	-7.717281e-04	1
1.0	1:197425146:C:G	197425146	0	1.934656e-04	4.724592e-05	1
1.0	1:197426981:T:C	197426981	0	6.324281e-04	1.544687e-04	1
1.0	1:197428429:T:C	197428429	0	3.428261e-03	8.024845e-04	1
1.0	1:197430591:G:C	197430591	0	-2.510867e-03	-6.322540e-04	1
1.0	1:197431246:T:C	197431246	0	-7.147108e-04	-1.762553e-04	1
1.0	1:197431932:G:T	197431932	0	4.363594e-03	1.028126e-03	1
1.0	1:197433329:G:A	197433329	0	3.553086e-03	5.995591e-04	1
1.0	1:197433540:A:G	197433540	0	-3.556446e-03	-8.983093e-04	1
1.0	1:197436039:A:G	197436039	0	1.428546e-03	2.839776e-04	1
1.0	1:197438606:G:T	197438606	0	-4.811650e-03	-8.484617e-04	1
1.0	1:197439044:G:A	197439044	0	-3.071746e-03	-7.016416e-04	1
1.0	1:197443910:C:T	197443910	0	-2.533545e-03	-4.172669e-04	1
1.0	1:197444229:A:G	197444229	0	-6.875772e-05	-1.492768e-05	1
1.0	1:197445132:C:T	197445132	0	-2.137610e-03	-3.485117e-04	1
1.0	1:197445879:T:C	197445879	0	-1.569712e-03	-3.961165e-04	1
1.0	1:197446702:G:T	197446702	0	-2.464787e-03	-4.314611e-04	1
1.0	1:197447037:T:C	197447037	0	-6.875772e-05	-1.492766e-05	1
1.0	1:197448384:A:G	197448384	0	-1.569712e-03	-3.961165e-04	1
1.0	1:197449902:G:A	197449902	0	-1.104068e-03	-2.579185e-04	1
1.0	1:197450636:T:C	197450636	0	2.822451e-03	6.310231e-04	1
1.0	1:197452162:A:G	197452162	0	1.428546e-03	2.839776e-04	1
1.0	1:197452703:C:T	197452703	0	-3.155912e-03	-7.717281e-04	1
1.0	1:197452833:C:T	197452833	0	-3.191052e-03	-7.875299e-04	1
1.0	1:197453203:G:A	197453203	0	1.428546e-03	2.839776e-04	1
1.0	1:197456936:G:A	197456936	0	4.023065e-03	6.624971e-04	1
1.0	1:197457536:A:G	197457536	0	-2.118022e-03	-5.366770e-04	1
1.0	1:197458119:C:T	197458119	0	1.310008e-03	2.597325e-04	1
1.0	1:197459805:G:T	197459805	0	1.885988e-03	3.763638e-04	1
1.0	1:197459874:C:T	197459874	0	-2.415072e-03	-6.135502e-04	1
1.0	1:197459895:T:G	197459895	0	4.053359e-03	7.170196e-04	1
1.0	1:197462946:C:T	197462946	0	-7.147108e-04	-1.762553e-04	1
1.0	1:197463742:A:G	197463742	0	-4.825550e-03	-8.313640e-04	1
1.0	1:197463936:T:C	197463936	0	-4.233608e-03	-7.096604e-04	1
1.0	1:197465128:A:G	197465128	0	1.084013e-03	2.676614e-04	1
1.0	1:197465286:T:C	197465286	0	-2.679051e-03	-6.824898e-04	1
1.0	1:197465740:G:C	197465740	0	3.954308e-03	6.833886e-04	1
1.0	1:197465886:T:TA	197465886	0	-3.071746e-03	-7.016417e-04	1
1.0	1:197468341:G:A	197468341	0	-1.558590e-03	-3.972505e-04	1
1.0	1:197469030:T:G	197469030	0	-3.172108e-03	-7.759009e-04	1
1.0	1:197470146:G:A	197470146	0	-4.118813e-03	-7.687383e-04	1
1.0	1:197470756:T:A	197470756	0	7.375485e-04	1.434383e-04	1
1.0	1:197471350:G:A	197471350	0	-4.928731e-03	-9.367260e-04	1
1.0	1:197472070:G:A	197472070	0	4.023065e-03	6.624968e-04	1
1.0	1:197474654:G:A	197474654	0	-9.361948e-03	-2.304958e-03	1
1.0	1:197477448:C:T	197477448	0	-3.734374e-03	-6.217028e-04	1
1.0	1:197477498:G:A	197477498	0	-3.822294e-03	-7.096675e-04	1
1.0	1:197477610:T:C	197477610	0	-1.680842e-04	-3.655869e-05	1
1.0	1:197477760:G:A	197477760	0	-3.924706e-04	-9.494195e-05	1
1.0	1:197477848:T:TA	197477848	0	4.044109e-04	1.036686e-04	1
1.0	1:197477879:T:C	197477879	0	1.556661e-03	3.927982e-04	1
1.0	1:197478149:T:C	197478149	0	-1.114314e-03	-2.833445e-04	1
1.0	1:197478285:G:A	197478285	0	-8.324879e-03	-1.993071e-03	1
1.0	1:197480927:C:T	197480927	0	-4.937138e-03	-8.360897e-04	1
1.0	1:197480986:C:T	197480986	0	-4.781094e-04	-1.047112e-04	1
1.0	1:197482265:A:G	197482265	0	3.176230e-03	5.654293e-04	1
1.0	1:197483815:T:A	197483815	0	-8.719555e-05	-2.131764e-05	1
1.0	1:197484068:C:T	197484068	0	1.423623e-03	3.589361e-04	1
1.0	1:197484102:A:T	197484102	0	-1.232384e-03	-3.135441e-04	1
1.0	1:197485094:A:G	197485094	0	2.633867e-03	4.590514e-04	1
1.0	1:197488569:T:C	197488569	0	-2.613987e-03	-4.555381e-04	1
1.0	1:197489171:T:C	197489171	0	-7.584895e-05	-1.854680e-05	1
1.0	1:197489357:A:G	197489357	0	2.612556e-03	4.553446e-04	1
1.0	1:197490905:C:T	197490905	0	-1.186238e-03	-3.017120e-04	1
1.0	1:197490942:T:G	197490942	0	-5.787203e-03	-1.002889e-03	1
1.0	1:197493644:G:A	197493644	0	-4.234851e-03	-7.711619e-04	1
1.0	1:197499003:C:T	197499003	0	-5.050744e-04	-1.281501e-04	1
1.0	1:197503537:C:T	197503537	0	-6.153227e-03	-1.560926e-03	1
1.0	1:197504370:G:A	197504370	0	2.924843e-03	5.054814e-04	1
1.0	1:197504855:C:T	197504855	0	-3.556446e-03	-8.983093e-04	1
1.0	1:197505460:C:T	197505460	0	6.324281e-04	1.544686e-04	1
1.0	1:197505890:G:C	197505890	0	3.293514e-03	5.298171e-04	1
1.0	1:197506125:C:T	197506125	0	3.356461e-03	5.402460e-04	1
1.0	1:197506127:C:T	197506127	0	3.294082e-03	5.298908e-04	1
1.0	1:197506128:A:G	197506128	0	3.360977e-03	5.409923e-04	1
1.0	1:197507411:C:T	197507411	0	3.537162e-03	8.289697e-04	1
1.0	1:197508265:C:A	197508265	0	1.643624e-03	3.271053e-04	1
1.0	1:197508544:A:G	197508544	0	-1.098222e-03	-2.379241e-04	1
1.0	1:197508550:G:GA	197508550	0	5.749218e-04	1.474438e-04	1
1.0	1:197509624:A:G	197509624	0	-3.510921e-03	-6.226682e-04	1
1.0	1:197512404:T:C	197512404	0	-4.234851e-03	-7.711617e-04	1
1.0	1:197512778:G:A	197512778	0	1.643624e-03	3.271052e-04	1
1.0	1:197512789:A:C	197512789	0	-1.643624e-03	-3.271052e-04	1
1.0	1:197512851:G:T	197512851	0	-3.510496e-03	-8.779034e-04	1
1.0	1:197512914:C:T	197512914	0	5.459778e-03	1.352587e-03	1
1.0	1:197515715:G:A	197515715	0	-1.643624e-03	-3.271051e-04	1
1.0	1:197515777:A:T	197515777	0	-1.643624e-03	-3.271051e-04	1
1.0	1:197515981:T:C	197515981	0	-4.937138e-03	-8.360890e-04	1
1.0	1:197516960:CA:C	197516960	0	-2.365922e-03	-4.748052e-04	1
1.0	1:197517086:T:A	197517086	0	-3.168941e-03	-5.954912e-04	1
1.0	1:197519849:G:A	197519849	0	3.948025e-03	8.337871e-04	1
1.0	1:197520273:T:C	197520273	0	-2.137680e-03	-4.298908e-04	1
1.0	1:197520610:T:C	197520610	0	1.556661e-03	3.927981e-04	1
1.0	1:197521810:C:G	197521810	0	2.552976e-03	5.137556e-04	1
1.0	1:197521877:T:C	197521877	0	-2.552976e-03	-5.137555e-04	1
1.0	1:197522671:G:A	197522671	0	-1.643624e-03	-3.271048e-04	1
1.0	1:197522958:T:C	197522958	0	-1.643624e-03	-3.271048e-04	1
1.0	1:197523805:T:TA	197523805	0	1.654522e-03	3.301461e-04	1
1.0	1:197525439:A:C	197525439	0	2.092855e-03	4.196663e-04	1
1.0	1:197526143:CAGTTTT:C	197526143	0	1.250005e-03	2.495935e-04	1
1.0	1:197527261:A:G	197527261	0	-7.147108e-04	-1.762554e-04	1
1.0	1:197527458:AAT:A	197527458	0	-1.181502e-03	-2.403386e-04	1
1.0	1:197527615:G:T	197527615	0	-1.433470e-03	-2.857059e-04	1
1.0	1:197528149:A:G	197528149	0	2.035363e-03	4.084889e-04	1
1.0	1:197528329:T:C	197528329	0	-1.301242e-03	-2.604086e-04	1
1.0	1:197528488:G:A	197528488	0	-1.442504e-03	-2.875218e-04	1
1.0	1:197528805:T:A	197528805	0	1.462125e-03	2.914560e-04	1
1.0	1:197528857:A:AAGT	197528857	0	-1.444773e-03	-2.879774e-04	1
1.0	1:197529218:C:T	197529218	0	-1.541269e-03	-3.069607e-04	1
1.0	1:197529264:T:C	197529264	0	1.549966e-03	3.087044e-04	1
1.0	1:197529577:T:G	197529577	0	-1.256875e-04	-2.513257e-05	1
1.0	1:197530702:T:C	197530702	0	1.375289e-03	2.742690e-04	1
1.0	1:197531697:C:T	197531697	0	-1.544250e-03	-3.689663e-04	1
1.0	1:197531742:T:A	197531742	0	-9.970178e-04	-2.508734e-04	1
1.0	1:197532369:T:C	197532369	0	-4.234851e-03	-7.711610e-04	1
1.0	1:197532378:C:T	197532378	0	-4.234851e-03	-7.711610e-04	1
1.0	1:197533652:TTAA:T	197533652	0	2.922595e-03	5.079920e-04	1
1.0	1:197534354:T:C	197534354	0	5.399185e-03	1.130237e-03	1
1.0	1:197536225:A:G	197536225	0	-1.643624e-03	-3.271040e-04	1
1.0	1:197536424:C:T	197536424	0	3.689449e-03	6.004962e-04	1
1.0	1:197536674:C:A	197536674	0	-2.630299e-03	-6.697221e-04	1
1.0	1:197536705:T:C	197536705	0	-1.643624e-03	-3.271040e-04	1
1.0	1:197536773:T:C	197536773	0	-7.022869e-04	-1.528230e-04	1
1.0	1:197537029:C:T	197537029	0	-1.643624e-03	-3.271040e-04	1
1.0	1:197537074:G:C	197537074	0	1.350183e-03	3.369871e-04	1
1.0	1:197538543:T:C	197538543	0	-1.456450e-03	-2.899360e-04	1
1.0	1:197540207:C:CAT	197540207	0	-1.643624e-03	-3.271039e-04	1
1.0	1:197540349:T:TTACAAAA	197540349	0	1.643624e-03	3.271038e-04	1
1.0	1:197541560:G:A	197541560	0	-1.643624e-03	-3.271038e-04	1
1.0	1:197541723:T:C	197541723	0	3.293514e-03	5.298172e-04	1
1.0	1:197542106:G:A	197542106	0	1.643624e-03	3.271037e-04	1
1.0	1:197543437:G:A	197543437	0	-3.720586e-04	-8.744904e-05	1
1.0	1:197544655:G:A	197544655	0	-3.155912e-03	-7.717281e-04	1
1.0	1:197544989:A:G	197544989	0	2.591227e-03	4.442903e-04	1
1.0	1:197545199:C:T	197545199	0	-1.643624e-03	-3.271037e-04	1
1.0	1:197545307:C:T	197545307	0	1.643624e-03	3.271037e-04	1
1.0	1:197545720:G:A	197545720	0	2.156687e-03	4.311742e-04	1
1.0	1:197546093:A:T	197546093	0	2.591227e-03	4.442904e-04	1
1.0	1:197546426:C:T	197546426	0	1.643624e-03	3.271036e-04	1
1.0	1:197546459:A:G	197546459	0	-1.643624e-03	-3.271035e-04	1
1.0	1:197546891:G:A	197546891	0	-1.643624e-03	-3.271035e-04	1
1.0	1:197547491:C:T	197547491	0	1.643624e-03	3.271034e-04	1
1.0	1:197548670:CTT:C	197548670	0	1.643624e-03	3.271034e-04	1
1.0	1:197548933:A:G	197548933	0	-2.224485e-03	-4.449523e-04	1
1.0	1:197549333:T:C	197549333	0	-1.571550e-03	-3.965800e-04	1
1.0	1:197549551:G:A	197549551	0	1.643624e-03	3.271033e-04	1
1.0	1:197549777:C:G	197549777	0	3.293514e-03	5.298174e-04	1
1.0	1:197551514:C:G	197551514	0	1.643624e-03	3.271033e-04	1
1.0	1:197551935:AGTTT:A	197551935	0	3.806698e-03	6.202952e-04	1
1.0	1:197552034:T:G	197552034	0	-5.333074e-03	-9.104755e-04	1
1.0	1:197552813:A:G	197552813	0	-1.098222e-03	-2.379240e-04	1
1.0	1:197554134:C:T	197554134	0	-1.643624e-03	-3.271032e-04	1
1.0	1:197554302:C:A	197554302	0	-9.970178e-04	-2.508735e-04	1
1.0	1:197554943:C:T	197554943	0	1.141540e-02	3.411291e-03	1
1.0	1:197555404:T:C	197555404	0	2.583737e-03	4.430440e-04	1
1.0	1:197555519:T:C	197555519	0	1.643624e-03	3.271032e-04	1
1.0	1:197555761:T:C	197555761	0	-7.147108e-04	-1.762554e-04	1
1.0	1:197555860:A:G	197555860	0	-4.234851e-03	-7.711602e-04	1
1.0	1:197556904:T:C	197556904	0	2.405464e-03	4.828902e-04	1
1.0	1:197557000:G:A	197557000	0	-7.147108e-04	-1.762554e-04	1
1.0	1:197557272:A:G	197557272	0	1.643624e-03	3.271031e-04	1
1.0	1:197557273:C:G	197557273	0	-1.098222e-03	-2.379239e-04	1
1.0	1:197557552:G:A	197557552	0	-1.643624e-03	-3.271030e-04	1
1.0	1:197559290:T:C	197559290	0	-1.098222e-03	-2.379239e-04	1
1.0	1:197559324:C:T	197559324	0	-4.613783e-03	-8.458881e-04	1
1.0	1:197559835:G:A	197559835	0	1.643624e-03	3.271029e-04	1
1.0	1:197560252:C:T	197560252	0	-5.879503e-04	-1.328644e-04	1
1.0	1:197560485:T:C	197560485	0	1.643624e-03	3.271029e-04	1
1.0	1:197560962:C:T	197560962	0	3.679557e-03	5.988282e-04	1
1.0	1:197561057:G:A	197561057	0	-1.922617e-03	-4.912783e-04	1
1.0	1:197561182:C:T	197561182	0	-2.075017e-03	-4.155197e-04	1
1.0	1:197561407:T:C	197561407	0	-2.075704e-03	-4.156593e-04	1
1.0	1:197561510:C:T	197561510	0	-4.172634e-03	-7.631563e-04	1
1.0	1:197563333:C:T	197563333	0	3.293514e-03	5.298172e-04	1
1.0	1:197563701:C:T	197563701	0	3.689449e-03	6.004962e-04	1
1.0	1:197564995:C:A	197564995	0	1.350183e-03	3.369873e-04	1
1.0	1:197565337:C:T	197565337	0	1.550115e-03	3.087328e-04	1
1.0	1:197565832:T:C	197565832	0	1.598958e-03	3.185426e-04	1
1.0	1:197566302:TA:T	197566302	0	1.427331e-03	2.844657e-04	1
1.0	1:197566414:T:A	197566414	0	-7.461413e-04	-1.624419e-04	1
1.0	1:197566842:C:T	197566842	0	-4.392877e-03	-7.518517e-04	1
1.0	1:197569657:A:G	197569657	0	-1.643624e-03	-3.271026e-04	1
1.0	1:197570018:A:G	197570018	0	-1.747265e-03	-3.483832e-04	1
1.0	1:197570370:T:TTGAA	197570370	0	-1.747795e-03	-3.484899e-04	1
1.0	1:197570844:G:C	197570844	0	-1.193909e-03	-2.824233e-04	1
1.0	1:197571173:A:C	197571173	0	3.581851e-03	8.661545e-04	1
1.0	1:197571239:C:G	197571239	0	-2.253785e-03	-4.530444e-04	1
1.0	1:197571246:T:C	197571246	0	1.739398e-03	3.467957e-04	1
1.0	1:197571577:G:A	197571577	0	-2.203595e-03	-4.416735e-04	1
1.0	1:197571885:C:T	197571885	0	-1.905419e-03	-3.820822e-04	1
1.0	1:197572672:A:G	197572672	0	-6.102262e-03	-1.306560e-03	1
1.0	1:197572794:T:C	197572794	0	1.946742e-03	4.975590e-04	1
1.0	1:197573021:T:C	197573021	0	-5.589967e-05	-1.374329e-05	1
1.0	1:197573318:AAT:A	197573318	0	-1.762106e-03	-3.633632e-04	1
1.0	1:197574134:T:C	197574134	0	2.900213e-03	5.053358e-04	1
1.0	1:197574174:A:T	197574174	0	-2.847252e-03	-5.781400e-04	1
1.0	1:197574241:T:C	197574241	0	8.763420e-04	2.162062e-04	1
1.0	1:197574661:C:T	197574661	0	-1.328514e-04	-3.306644e-05	1
1.0	1:197577447:G:A	197577447	0	8.440099e-04	2.082256e-04	1
1.0	1:197578795:A:G	197578795	0	1.909320e-03	3.506277e-04	1
1.0	1:197578878:A:G	197578878	0	-3.926439e-03	-9.134525e-04	1
1.0	1:197579127:C:G	197579127	0	-4.572678e-04	-1.003178e-04	1
1.0	1:197580001:TG:T	197580001	0	-2.476168e-03	-6.295143e-04	1
1.0	1:197580084:C:T	197580084	0	-2.712477e-03	-5.493231e-04	1
1.0	1:197580452:T:C	197580452	0	3.893798e-03	7.992769e-04	1
1.0	1:197582447:T:A	197582447	0	2.037119e-04	3.322683e-05	1
1.0	1:197582601:A:G	197582601	0	3.516858e-03	7.151300e-04	1
1.0	1:197582780:A:G	197582780	0	-4.087388e-03	-7.219999e-04	1
1.0	1:197582809:C:T	197582809	0	2.961986e-03	6.002428e-04	1
1.0	1:197583281:A:G	197583281	0	-3.618789e-03	-7.365265e-04	1
1.0	1:197583843:T:C	197583843	0	-3.378945e-03	-6.828023e-04	1
1.0	1:197584553:T:C	197584553	0	3.226363e-03	6.527013e-04	1
1.0	1:197586232:C:T	197586232	0	-9.681664e-04	-1.559333e-04	1
1.0	1:197588006:A:T	197588006	0	3.712596e-03	7.542323e-04	1
1.0	1:197589088:G:A	197589088	0	-6.349849e-04	-1.565461e-04	1
1.0	1:197590190:A:G	197590190	0	-1.746713e-03	-3.065085e-04	1
1.0	1:197591406:C:A	197591406	0	-3.200874e-04	-5.152280e-05	1
1.0	1:197591828:G:A	197591828	0	1.548303e-03	3.906754e-04	1
1.0	1:197592166:C:T	197592166	0	3.760236e-04	9.264165e-05	1
1.0	1:197592568:C:T	197592568	0	3.293847e-03	6.668815e-04	1
1.0	1:197593751:C:A	197593751	0	-5.396864e-04	-1.290965e-04	1
1.0	1:197595240:C:G	197595240	0	2.967709e-03	6.075448e-04	1
1.0	1:197595569:T:C	197595569	0	2.131859e-03	3.949670e-04	1
1.0	1:197596035:C:T	197596035	0	3.048951e-03	6.164454e-04	1
1.0	1:197596196:C:G	197596196	0	3.576738e-03	7.224346e-04	1
1.0	1:197596505:C:T	197596505	0	3.641486e-03	7.385912e-04	1
1.0	1:197597469:C:T	197597469	0	3.576738e-03	7.224345e-04	1
1.0	1:197598092:A:C	197598092	0	-8.693919e-04	-1.836707e-04	1
1.0	1:197598133:A:C	197598133	0	-1.065949e-03	-2.062862e-04	1
1.0	1:197598134:C:A	197598134	0	-1.223363e-03	-2.378108e-04	1
1.0	1:197598249:C:T	197598249	0	3.576738e-03	7.224344e-04	1
1.0	1:197599030:T:C	197599030	0	2.131859e-03	3.949667e-04	1
1.0	1:197599552:T:C	197599552	0	3.576738e-03	7.224343e-04	1
1.0	1:197601092:T:C	197601092	0	3.576738e-03	7.224342e-04	1
1.0	1:197601668:C:A	197601668	0	3.576738e-03	7.224342e-04	1
1.0	1:197601985:GT:G	197601985	0	3.576738e-03	7.224341e-04	1
1.0	1:197601988:CTCAATAACCA:C	197601988	0	3.576738e-03	7.224341e-04	1
1.0	1:197603870:C:A	197603870	0	-3.466561e-04	-5.578886e-05	1
1.0	1:197604105:CA:C	197604105	0	3.576738e-03	7.224340e-04	1
1.0	1:197604346:C:T	197604346	0	3.576738e-03	7.224340e-04	1
1.0	1:197604580:C:T	197604580	0	-1.124773e-04	-2.799796e-05	1
1.0	1:197606708:C:T	197606708	0	3.576738e-03	7.224339e-04	1
1.0	1:197607538:C:T	197607538	0	-2.647094e-03	-6.741211e-04	1
1.0	1:197608612:C:T	197608612	0	-1.102395e-03	-2.034611e-04	1
1.0	1:197609340:C:T	197609340	0	1.087898e-02	2.950655e-03	1
1.0	1:197611682:C:A	197611682	0	-2.131859e-03	-3.949664e-04	1
1.0	1:197612109:AT:A	197612109	0	3.794494e-03	7.710880e-04	1
1.0	1:197612247:A:C	197612247	0	-7.494222e-04	-1.622263e-04	1
1.0	1:197612551:T:G	197612551	0	3.682028e-03	7.456694e-04	1
1.0	1:197612759:A:G	197612759	0	3.576738e-03	7.224337e-04	1
1.0	1:197612994:A:G	197612994	0	3.794301e-03	7.710470e-04	1
1.0	1:197613756:ACCT:A	197613756	0	3.576738e-03	7.224335e-04	1
1.0	1:197613889:T:C	197613889	0	2.018909e-04	5.120863e-05	1
1.0	1:197615058:C:T	197615058	0	2.004795e-03	3.367378e-04	1
1.0	1:197615130:A:G	197615130	0	-2.911348e-03	-5.075315e-04	1
1.0	1:197615193:G:A	197615193	0	7.170884e-05	1.643000e-05	1
1.0	1:197615391:C:T	197615391	0	4.114178e-03	8.407112e-04	1
1.0	1:197615669:A:C	197615669	0	-7.291860e-03	-1.678955e-03	1
1.0	1:197617436:T:C	197617436	0	-1.098222e-03	-2.379236e-04	1
1.0	1:197618445:T:C	197618445	0	1.144933e-02	3.702844e-03	1
1.0	1:197619068:T:C	197619068	0	3.478140e-03	7.026624e-04	1
1.0	1:197619932:C:T	197619932	0	3.602177e-03	7.302713e-04	1
1.0	1:197621237:G:C	197621237	0	-7.147108e-04	-1.762554e-04	1
1.0	1:197622434:T:A	197622434	0	-3.248964e-03	-8.024574e-04	1
1.0	1:197622528:C:A	197622528	0	3.178776e-03	5.414341e-04	1
1.0	1:197623055:G:A	197623055	0	-3.923061e-03	-9.694684e-04	1
1.0	1:197623633:G:A	197623633	0	-3.923061e-03	-9.694684e-04	1
1.0	1:197624722:C:T	197624722	0	1.132562e-02	3.371938e-03	1
1.0	1:197624909:G:A	197624909	0	-9.970178e-04	-2.508736e-04	1
1.0	1:197625313:T:A	197625313	0	3.431392e-04	7.189442e-05	1
1.0	1:197626708:A:C	197626708	0	-3.576738e-03	-7.224332e-04	1
1.0	1:197626823:T:C	197626823	0	-3.576738e-03	-7.224332e-04	1
1.0	1:197628029:T:A	197628029	0	2.562330e-03	4.500124e-04	1
1.0	1:197629342:C:T	197629342	0	-1.658801e-03	-3.230601e-04	1
1.0	1:197631141:G:A	197631141	0	2.948217e-03	5.635818e-04	1
1.0	1:197631657:A:G	197631657	0	9.686460e-04	2.461555e-04	1
1.0	1:197632910:C:T	197632910	0	-4.026816e-03	-8.207935e-04	1
1.0	1:197635605:G:A	197635605	0	-3.576738e-03	-7.224330e-04	1
1.0	1:197637993:AT:A	197637993	0	-1.467856e-03	-2.771814e-04	1
1.0	1:197638716:G:A	197638716	0	-1.994197e-03	-3.801081e-04	1
1.0	1:197639240:AATAGTT:A	197639240	0	-3.365614e-03	-6.800024e-04	1
1.0	1:197639486:CTA:C	197639486	0	-1.053526e-03	-1.710811e-04	1
1.0	1:197640970:G:A	197640970	0	-1.001995e-03	-2.496738e-04	1
1.0	1:197644581:T:C	197644581	0	-5.967421e-03	-1.264378e-03	1
1.0	1:197644773:C:T	197644773	0	-3.466561e-04	-5.578889e-05	1
1.0	1:197645449:T:A	197645449	0	-2.274740e-03	-4.218630e-04	1
1.0	1:197646544:C:T	197646544	0	3.431392e-04	7.189474e-05	1
1.0	1:197649327:CTCTA:C	197649327	0	-1.884191e-03	-3.490901e-04	1
1.0	1:197649780:T:A	197649780	0	-1.194040e-04	-2.996836e-05	1
1.0	1:197649941:A:G	197649941	0	-1.098222e-03	-2.379235e-04	1
1.0	1:197650505:A:G	197650505	0	-4.355963e-03	-8.919902e-04	1
1.0	1:197652602:T:C	197652602	0	-3.576738e-03	-7.224327e-04	1
1.0	1:197653036:T:G	197653036	0	-3.576738e-03	-7.224326e-04	1
1.0	1:197653854:A:G	197653854	0	-7.584895e-05	-1.854682e-05	1
1.0	1:197657149:G:A	197657149	0	-3.576738e-03	-7.224325e-04	1
1.0	1:197657361:C:A	197657361	0	-3.576738e-03	-7.224325e-04	1
1.0	1:197658799:C:T	197658799	0	-3.576738e-03	-7.224324e-04	1
1.0	1:197659263:T:C	197659263	0	-7.425914e-04	-1.186544e-04	1
1.0	1:197659555:A:G	197659555	0	-3.576738e-03	-7.224324e-04	1
1.0	1:197660008:CA:C	197660008	0	-3.467417e-03	-7.004090e-04	1
1.0	1:197660143:C:G	197660143	0	-2.080406e-03	-4.180813e-04	1
1.0	1:197661576:T:C	197661576	0	3.457384e-04	8.683956e-05	1
1.0	1:197661907:C:T	197661907	0	-9.970178e-04	-2.508737e-04	1
1.0	1:197663354:T:G	197663354	0	-1.023139e-03	-2.574817e-04	1
1.0	1:197664395:G:A	197664395	0	9.517496e-04	1.939527e-04	1
1.0	1:197664819:A:AT	197664819	0	3.729281e-03	7.778576e-04	1
1.0	1:197664936:A:C	197664936	0	3.415298e-04	8.497265e-05	1
1.0	1:197665307:T:C	197665307	0	-3.342588e-03	-8.268545e-04	1
1.0	1:197666111:G:A	197666111	0	-2.560950e-03	-4.964234e-04	1
1.0	1:197668565:C:G	197668565	0	-1.998217e-03	-3.784717e-04	1
1.0	1:197669329:C:T	197669329	0	1.468448e-03	3.633083e-04	1
1.0	1:197670673:C:G	197670673	0	-2.526664e-03	-6.363440e-04	1
1.0	1:197671115:C:T	197671115	0	-2.060425e-03	-3.826796e-04	1
1.0	1:197671853:T:C	197671853	0	-7.147108e-04	-1.762554e-04	1
1.0	1:197674188:T:C	197674188	0	-1.124773e-04	-2.799801e-05	1
1.0	1:197674344:T:C	197674344	0	-2.966984e-03	-5.022070e-04	1
1.0	1:197675371:G:T	197675371	0	-7.189415e-04	-1.773064e-04	1
1.0	1:197676205:A:G	197676205	0	7.291860e-03	1.678957e-03	1
1.0	1:197683590:C:T	197683590	0	-3.992314e-03	-8.332538e-04	1
1.0	1:197683734:A:C	197683734	0	-3.071746e-03	-7.016449e-04	1
1.0	1:197683807:G:C	197683807	0	-3.576738e-03	-7.224319e-04	1
1.0	1:197684499:T:C	197684499	0	-4.440642e-03	-9.180763e-04	1
1.0	1:197685151:C:T	197685151	0	-3.103467e-03	-6.273004e-04	1
1.0	1:197685827:T:C	197685827	0	1.087204e-02	2.847843e-03	1
1.0	1:197687255:T:C	197687255	0	-1.124773e-04	-2.799802e-05	1
1.0	1:197688956:A:G	197688956	0	2.642731e-03	6.729658e-04	1
1.0	1:197689698:T:TG	197689698	0	-3.576738e-03	-7.224317e-04	1
1.0	1:197689967:T:C	197689967	0	-3.230082e-03	-5.497814e-04	1
1.0	1:197690664:T:TG	197690664	0	-3.576738e-03	-7.224317e-04	1
1.0	1:197691802:A:G	197691802	0	1.350183e-03	3.369878e-04	1
1.0	1:197692318:A:G	197692318	0	-3.556446e-03	-8.983103e-04	1
1.0	1:197693127:G:A	197693127	0	-3.763867e-03	-7.682102e-04	1
1.0	1:197693266:C:T	197693266	0	2.730854e-03	6.058567e-04	1
1.0	1:197693782:T:C	197693782	0	3.228831e-03	5.510955e-04	1
1.0	1:197694037:A:C	197694037	0	-3.480751e-03	-7.032096e-04	1
1.0	1:197695451:T:C	197695451	0	-1.620209e-03	-3.939595e-04	1
1.0	1:197696572:G:A	197696572	0	-7.022869e-04	-1.528223e-04	1
1.0	1:197697626:C:T	197697626	0	3.400430e-03	5.534946e-04	1
1.0	1:197698103:T:C	197698103	0	-1.983992e-03	-3.965494e-04	1
1.0	1:197698901:T:C	197698901	0	-2.510867e-03	-6.322536e-04	1
1.0	1:197699699:C:T	197699699	0	-2.481524e-03	-5.002389e-04	1
1.0	1:197700895:T:C	197700895	0	-8.377241e-04	-1.404595e-04	1
1.0	1:197701279:G:C	197701279	0	-1.117643e-04	-2.047634e-05	1
1.0	1:197701376:G:C	197701376	0	-1.117643e-04	-2.047626e-05	1
1.0	1:197701669:G:C	197701669	0	-1.296471e-03	-2.260168e-04	1
1.0	1:197701992:C:T	197701992	0	-2.446015e-04	-4.499819e-05	1
1.0	1:197702225:G:C	197702225	0	-1.609837e-03	-3.214241e-04	1
1.0	1:197702401:C:T	197702401	0	-1.406761e-04	-2.604133e-05	1
1.0	1:197702476:G:C	197702476	0	-1.117643e-04	-2.047602e-05	1
1.0	1:197703895:T:C	197703895	0	-3.155912e-03	-7.717278e-04	1
1.0	1:197704717:C:T	197704717	0	-9.264198e-04	-1.715111e-04	1
1.0	1:197706926:GAA:G	197706926	0	-1.877583e-04	-3.012169e-05	1
1.0	1:197707150:GCCT:G	197707150	0	-2.449824e-03	-4.672991e-04	1
1.0	1:197708114:G:A	197708114	0	-1.877583e-04	-3.012173e-05	1
1.0	1:197708342:G:T	197708342	0	-2.331287e-03	-4.442104e-04	1
1.0	1:197708877:G:T	197708877	0	-1.136239e-03	-2.462896e-04	1
1.0	1:197709961:G:A	197709961	0	2.169429e-03	5.047173e-04	1
1.0	1:197710246:T:C	197710246	0	-1.537829e-03	-2.649274e-04	1
1.0	1:197711492:C:T	197711492	0	-2.455947e-03	-4.795765e-04	1
1.0	1:197711668:T:C	197711668	0	-2.177458e-03	-4.231144e-04	1
1.0	1:197712400:A:C	197712400	0	-2.237991e-03	-4.362835e-04	1
1.0	1:197712529:TA:T	197712529	0	-2.177458e-03	-4.231143e-04	1
1.0	1:197712532:A:C	197712532	0	-2.177458e-03	-4.231143e-04	1
1.0	1:197713783:C:T	197713783	0	-1.983992e-03	-3.965489e-04	1
