CHROM	Start	End	File
1	10583	1892607	Genotype.vcf.gz
1	1892607	3582736	Genotype.vcf.gz
1	3582736	4380811	Genotype.vcf.gz
1	4380811	5913893	Genotype.vcf.gz
1	5913893	7247335	Genotype.vcf.gz
1	7247335	9365199	Genotype.vcf.gz
1	9365199	10806984	Genotype.vcf.gz
1	10806984	11777841	Genotype.vcf.gz
1	11777841	12779466	Genotype.vcf.gz
1	12779466	14891511	Genotype.vcf.gz
1	14891511	16897730	Genotype.vcf.gz
1	16897730	18662899	Genotype.vcf.gz
1	18662899	20469149	Genotype.vcf.gz
1	20469149	21736588	Genotype.vcf.gz
1	21736588	23086883	Genotype.vcf.gz
1	23086883	23920590	Genotype.vcf.gz
1	23920590	25516845	Genotype.vcf.gz
1	25516845	27401867	Genotype.vcf.gz
1	27401867	30161881	Genotype.vcf.gz
1	30161881	32438685	Genotype.vcf.gz
1	32438685	34799758	Genotype.vcf.gz
1	34799758	37549183	Genotype.vcf.gz
1	37549183	38731847	Genotype.vcf.gz
1	38731847	40200567	Genotype.vcf.gz
1	40200567	41975327	Genotype.vcf.gz
1	41975327	43758457	Genotype.vcf.gz
1	43758457	44969183	Genotype.vcf.gz
1	44969183	46899501	Genotype.vcf.gz
1	46899501	48002576	Genotype.vcf.gz
1	48002576	48978188	Genotype.vcf.gz
1	48978188	49894177	Genotype.vcf.gz
1	49894177	51713726	Genotype.vcf.gz
1	51713726	54226262	Genotype.vcf.gz
1	54226262	56413117	Genotype.vcf.gz
1	56413117	57021728	Genotype.vcf.gz
1	57021728	58865399	Genotype.vcf.gz
1	58865399	59890409	Genotype.vcf.gz
1	59890409	61922365	Genotype.vcf.gz
1	61922365	63455089	Genotype.vcf.gz
1	63455089	65041704	Genotype.vcf.gz
1	65041704	66939404	Genotype.vcf.gz
1	66939404	68477895	Genotype.vcf.gz
1	68477895	69687616	Genotype.vcf.gz
1	69687616	71372470	Genotype.vcf.gz
1	71372470	71684405	Genotype.vcf.gz
1	71684405	74326907	Genotype.vcf.gz
1	74326907	76728135	Genotype.vcf.gz
1	76728135	79661198	Genotype.vcf.gz
1	79661198	81354191	Genotype.vcf.gz
1	81354191	83991748	Genotype.vcf.gz
1	83991748	84844495	Genotype.vcf.gz
1	84844495	86454751	Genotype.vcf.gz
1	86454751	88128631	Genotype.vcf.gz
1	88128631	90066303	Genotype.vcf.gz
1	90066303	91886317	Genotype.vcf.gz
1	91886317	93536459	Genotype.vcf.gz
1	93536459	94506191	Genotype.vcf.gz
1	94506191	96150893	Genotype.vcf.gz
1	96150893	97885249	Genotype.vcf.gz
1	97885249	99800604	Genotype.vcf.gz
1	99800604	100826405	Genotype.vcf.gz
1	100826405	102041016	Genotype.vcf.gz
1	102041016	102898745	Genotype.vcf.gz
1	102898745	103914211	Genotype.vcf.gz
1	103914211	106087842	Genotype.vcf.gz
1	106087842	108409665	Genotype.vcf.gz
1	108409665	110303931	Genotype.vcf.gz
1	110303931	111741737	Genotype.vcf.gz
1	111741737	113273306	Genotype.vcf.gz
1	113273306	114873845	Genotype.vcf.gz
1	114873845	115880593	Genotype.vcf.gz
1	115880593	118839067	Genotype.vcf.gz
1	118839067	144977494	Genotype.vcf.gz
1	144977494	148361253	Genotype.vcf.gz
1	148361253	151538881	Genotype.vcf.gz
1	151538881	153180829	Genotype.vcf.gz
1	153180829	154770403	Genotype.vcf.gz
1	154770403	156336133	Genotype.vcf.gz
1	156336133	158027412	Genotype.vcf.gz
1	158027412	159913048	Genotype.vcf.gz
1	159913048	162346721	Genotype.vcf.gz
1	162346721	165191702	Genotype.vcf.gz
1	165191702	166460517	Genotype.vcf.gz
1	166460517	169086324	Genotype.vcf.gz
1	169086324	170557776	Genotype.vcf.gz
1	170557776	173097907	Genotype.vcf.gz
1	173097907	175089768	Genotype.vcf.gz
1	175089768	177433381	Genotype.vcf.gz
1	177433381	178944309	Genotype.vcf.gz
1	178944309	178954470	Genotype.vcf.gz
1	178954470	181144121	Genotype.vcf.gz
1	181144121	182755356	Genotype.vcf.gz
1	182755356	184595513	Genotype.vcf.gz
1	184595513	186810023	Genotype.vcf.gz
1	186810023	188759945	Genotype.vcf.gz
1	188759945	189904130	Genotype.vcf.gz
1	189904130	191868930	Genotype.vcf.gz
1	191868930	194107442	Genotype.vcf.gz
1	194107442	196176201	Genotype.vcf.gz
1	196176201	197311514	Genotype.vcf.gz
1	197311514	199239884	Genotype.vcf.gz
1	199239884	200137649	Genotype.vcf.gz
1	200137649	201589975	Genotype.vcf.gz
1	201589975	203334734	Genotype.vcf.gz
1	203334734	204681068	Genotype.vcf.gz
1	204681068	206073265	Genotype.vcf.gz
1	206073265	208410364	Genotype.vcf.gz
1	208410364	210787750	Genotype.vcf.gz
1	210787750	212842330	Genotype.vcf.gz
1	212842330	214578266	Genotype.vcf.gz
1	214578266	216243634	Genotype.vcf.gz
1	216243634	218705513	Genotype.vcf.gz
1	218705513	219590571	Genotype.vcf.gz
1	219590571	221858231	Genotype.vcf.gz
1	221858231	222230220	Genotype.vcf.gz
1	222230220	224938520	Genotype.vcf.gz
1	224938520	226810860	Genotype.vcf.gz
1	226810860	229156248	Genotype.vcf.gz
1	229156248	230685255	Genotype.vcf.gz
1	230685255	232090252	Genotype.vcf.gz
1	232090252	233429284	Genotype.vcf.gz
1	233429284	234599434	Genotype.vcf.gz
1	234599434	235819436	Genotype.vcf.gz
1	235819436	237555628	Genotype.vcf.gz
1	237555628	238567807	Genotype.vcf.gz
1	238567807	239925314	Genotype.vcf.gz
1	239925314	240564091	Genotype.vcf.gz
1	240564091	241582220	Genotype.vcf.gz
1	241582220	242071602	Genotype.vcf.gz
1	242071602	244109499	Genotype.vcf.gz
1	244109499	245506746	Genotype.vcf.gz
1	245506746	247344518	Genotype.vcf.gz
1	247344518	249239466	Genotype.vcf.gz
2	10133	1781022	Genotype.vcf.gz
2	1781022	3973779	Genotype.vcf.gz
2	3973779	5708337	Genotype.vcf.gz
2	5708337	6836254	Genotype.vcf.gz
2	6836254	8422147	Genotype.vcf.gz
2	8422147	10298469	Genotype.vcf.gz
2	10298469	12419150	Genotype.vcf.gz
2	12419150	14335308	Genotype.vcf.gz
2	14335308	16329735	Genotype.vcf.gz
2	16329735	18647423	Genotype.vcf.gz
2	18647423	19692404	Genotype.vcf.gz
2	19692404	21050490	Genotype.vcf.gz
2	21050490	23341383	Genotype.vcf.gz
2	23341383	24686918	Genotype.vcf.gz
2	24686918	26894985	Genotype.vcf.gz
2	26894985	28598777	Genotype.vcf.gz
2	28598777	29217559	Genotype.vcf.gz
2	29217559	30463711	Genotype.vcf.gz
2	30463711	31550450	Genotype.vcf.gz
2	31550450	33363777	Genotype.vcf.gz
2	33363777	35345028	Genotype.vcf.gz
2	35345028	36122006	Genotype.vcf.gz
2	36122006	38132712	Genotype.vcf.gz
2	38132712	39031337	Genotype.vcf.gz
2	39031337	40281483	Genotype.vcf.gz
2	40281483	43309590	Genotype.vcf.gz
2	43309590	44313803	Genotype.vcf.gz
2	44313803	46482634	Genotype.vcf.gz
2	46482634	47318772	Genotype.vcf.gz
2	47318772	48213001	Genotype.vcf.gz
2	48213001	50022257	Genotype.vcf.gz
2	50022257	50818928	Genotype.vcf.gz
2	50818928	52491133	Genotype.vcf.gz
2	52491133	53508452	Genotype.vcf.gz
2	53508452	54685226	Genotype.vcf.gz
2	54685226	56203345	Genotype.vcf.gz
2	56203345	57429100	Genotype.vcf.gz
2	57429100	58297315	Genotype.vcf.gz
2	58297315	60292000	Genotype.vcf.gz
2	60292000	62429044	Genotype.vcf.gz
2	62429044	64625913	Genotype.vcf.gz
2	64625913	65933444	Genotype.vcf.gz
2	65933444	67226166	Genotype.vcf.gz
2	67226166	68010176	Genotype.vcf.gz
2	68010176	69139564	Genotype.vcf.gz
2	69139564	70755198	Genotype.vcf.gz
2	70755198	73174848	Genotype.vcf.gz
2	73174848	75630086	Genotype.vcf.gz
2	75630086	76913661	Genotype.vcf.gz
2	76913661	78079264	Genotype.vcf.gz
2	78079264	80050403	Genotype.vcf.gz
2	80050403	81620841	Genotype.vcf.gz
2	81620841	85140680	Genotype.vcf.gz
2	85140680	88038507	Genotype.vcf.gz
2	88038507	89154526	Genotype.vcf.gz
2	89154526	95326452	Genotype.vcf.gz
2	95326452	98995201	Genotype.vcf.gz
2	98995201	101822329	Genotype.vcf.gz
2	101822329	102688765	Genotype.vcf.gz
2	102688765	103588215	Genotype.vcf.gz
2	103588215	105125034	Genotype.vcf.gz
2	105125034	106210058	Genotype.vcf.gz
2	106210058	107408267	Genotype.vcf.gz
2	107408267	108429177	Genotype.vcf.gz
2	108429177	110572432	Genotype.vcf.gz
2	110572432	113921856	Genotype.vcf.gz
2	113921856	116772470	Genotype.vcf.gz
2	116772470	118367466	Genotype.vcf.gz
2	118367466	121303783	Genotype.vcf.gz
2	121303783	123302906	Genotype.vcf.gz
2	123302906	124732250	Genotype.vcf.gz
2	124732250	125840921	Genotype.vcf.gz
2	125840921	127373764	Genotype.vcf.gz
2	127373764	128034347	Genotype.vcf.gz
2	128034347	129474441	Genotype.vcf.gz
2	129474441	130067170	Genotype.vcf.gz
2	130067170	130658085	Genotype.vcf.gz
2	130658085	133042784	Genotype.vcf.gz
2	133042784	135158578	Genotype.vcf.gz
2	135158578	137042794	Genotype.vcf.gz
2	137042794	138698117	Genotype.vcf.gz
2	138698117	140100271	Genotype.vcf.gz
2	140100271	141805351	Genotype.vcf.gz
2	141805351	142518602	Genotype.vcf.gz
2	142518602	144519484	Genotype.vcf.gz
2	144519484	146445570	Genotype.vcf.gz
2	146445570	147277162	Genotype.vcf.gz
2	147277162	150210292	Genotype.vcf.gz
2	150210292	151731462	Genotype.vcf.gz
2	151731462	152486782	Genotype.vcf.gz
2	152486782	154005056	Genotype.vcf.gz
2	154005056	155391135	Genotype.vcf.gz
2	155391135	157560635	Genotype.vcf.gz
2	157560635	158533218	Genotype.vcf.gz
2	158533218	159577082	Genotype.vcf.gz
2	159577082	161769733	Genotype.vcf.gz
2	161769733	163503551	Genotype.vcf.gz
2	163503551	164466638	Genotype.vcf.gz
2	164466638	165178840	Genotype.vcf.gz
2	165178840	167160270	Genotype.vcf.gz
2	167160270	167355970	Genotype.vcf.gz
2	167355970	169968236	Genotype.vcf.gz
2	169968236	171226245	Genotype.vcf.gz
2	171226245	173138905	Genotype.vcf.gz
2	173138905	175588929	Genotype.vcf.gz
2	175588929	177363636	Genotype.vcf.gz
2	177363636	178553183	Genotype.vcf.gz
2	178553183	181312739	Genotype.vcf.gz
2	181312739	182266031	Genotype.vcf.gz
2	182266031	184357608	Genotype.vcf.gz
2	184357608	185280173	Genotype.vcf.gz
2	185280173	189882065	Genotype.vcf.gz
2	189882065	191973357	Genotype.vcf.gz
2	191973357	195861164	Genotype.vcf.gz
2	195861164	196447456	Genotype.vcf.gz
2	196447456	198078110	Genotype.vcf.gz
2	198078110	199311125	Genotype.vcf.gz
2	199311125	201576284	Genotype.vcf.gz
2	201576284	202818637	Genotype.vcf.gz
2	202818637	205799241	Genotype.vcf.gz
2	205799241	206735704	Genotype.vcf.gz
2	206735704	208645399	Genotype.vcf.gz
2	208645399	209941529	Genotype.vcf.gz
2	209941529	212379518	Genotype.vcf.gz
2	212379518	214014282	Genotype.vcf.gz
2	214014282	215573795	Genotype.vcf.gz
2	215573795	217715661	Genotype.vcf.gz
2	217715661	218395480	Genotype.vcf.gz
2	218395480	220454551	Genotype.vcf.gz
2	220454551	222521176	Genotype.vcf.gz
2	222521176	224859419	Genotype.vcf.gz
2	224859419	225840004	Genotype.vcf.gz
2	225840004	228119842	Genotype.vcf.gz
2	228119842	229370787	Genotype.vcf.gz
2	229370787	231843389	Genotype.vcf.gz
2	231843389	233550003	Genotype.vcf.gz
2	233550003	235150987	Genotype.vcf.gz
2	235150987	236043550	Genotype.vcf.gz
2	236043550	237449032	Genotype.vcf.gz
2	237449032	238760981	Genotype.vcf.gz
2	238760981	239952643	Genotype.vcf.gz
2	239952643	241560084	Genotype.vcf.gz
2	241560084	242149921	Genotype.vcf.gz
2	242149921	243188920	Genotype.vcf.gz
3	60157	1441779	Genotype.vcf.gz
3	1441779	2992120	Genotype.vcf.gz
3	2992120	4431647	Genotype.vcf.gz
3	4431647	6083183	Genotype.vcf.gz
3	6083183	7083387	Genotype.vcf.gz
3	7083387	8648561	Genotype.vcf.gz
3	8648561	9543183	Genotype.vcf.gz
3	9543183	11019665	Genotype.vcf.gz
3	11019665	13070799	Genotype.vcf.gz
3	13070799	14816900	Genotype.vcf.gz
3	14816900	16282442	Genotype.vcf.gz
3	16282442	17891118	Genotype.vcf.gz
3	17891118	19125144	Genotype.vcf.gz
3	19125144	20091348	Genotype.vcf.gz
3	20091348	21643707	Genotype.vcf.gz
3	21643707	22204244	Genotype.vcf.gz
3	22204244	23804865	Genotype.vcf.gz
3	23804865	25461558	Genotype.vcf.gz
3	25461558	26877769	Genotype.vcf.gz
3	26877769	27840910	Genotype.vcf.gz
3	27840910	29142260	Genotype.vcf.gz
3	29142260	30717955	Genotype.vcf.gz
3	30717955	32351715	Genotype.vcf.gz
3	32351715	33255592	Genotype.vcf.gz
3	33255592	35283458	Genotype.vcf.gz
3	35283458	36486842	Genotype.vcf.gz
3	36486842	38356116	Genotype.vcf.gz
3	38356116	40221298	Genotype.vcf.gz
3	40221298	41064528	Genotype.vcf.gz
3	41064528	42540002	Genotype.vcf.gz
3	42540002	45165153	Genotype.vcf.gz
3	45165153	46657500	Genotype.vcf.gz
3	46657500	47727212	Genotype.vcf.gz
3	47727212	49316972	Genotype.vcf.gz
3	49316972	51832015	Genotype.vcf.gz
3	51832015	54081390	Genotype.vcf.gz
3	54081390	55348860	Genotype.vcf.gz
3	55348860	56433907	Genotype.vcf.gz
3	56433907	58157519	Genotype.vcf.gz
3	58157519	60272906	Genotype.vcf.gz
3	60272906	62355666	Genotype.vcf.gz
3	62355666	63669286	Genotype.vcf.gz
3	63669286	65273538	Genotype.vcf.gz
3	65273538	66270447	Genotype.vcf.gz
3	66270447	68286914	Genotype.vcf.gz
3	68286914	69276762	Genotype.vcf.gz
3	69276762	70449028	Genotype.vcf.gz
3	70449028	72529329	Genotype.vcf.gz
3	72529329	74321817	Genotype.vcf.gz
3	74321817	75704949	Genotype.vcf.gz
3	75704949	77508835	Genotype.vcf.gz
3	77508835	79024541	Genotype.vcf.gz
3	79024541	81427310	Genotype.vcf.gz
3	81427310	82643886	Genotype.vcf.gz
3	82643886	84367479	Genotype.vcf.gz
3	84367479	85582231	Genotype.vcf.gz
3	85582231	87409732	Genotype.vcf.gz
3	87409732	88298373	Genotype.vcf.gz
3	88298373	94255316	Genotype.vcf.gz
3	94255316	95311971	Genotype.vcf.gz
3	95311971	98215950	Genotype.vcf.gz
3	98215950	99373762	Genotype.vcf.gz
3	99373762	100592217	Genotype.vcf.gz
3	100592217	103084960	Genotype.vcf.gz
3	103084960	104581613	Genotype.vcf.gz
3	104581613	106982811	Genotype.vcf.gz
3	106982811	109522395	Genotype.vcf.gz
3	109522395	110513770	Genotype.vcf.gz
3	110513770	112815699	Genotype.vcf.gz
3	112815699	113947863	Genotype.vcf.gz
3	113947863	115447080	Genotype.vcf.gz
3	115447080	116800153	Genotype.vcf.gz
3	116800153	118530251	Genotype.vcf.gz
3	118530251	120523055	Genotype.vcf.gz
3	120523055	121974097	Genotype.vcf.gz
3	121974097	123517768	Genotype.vcf.gz
3	123517768	124936642	Genotype.vcf.gz
3	124936642	126214943	Genotype.vcf.gz
3	126214943	128194861	Genotype.vcf.gz
3	128194861	130244735	Genotype.vcf.gz
3	130244735	131836516	Genotype.vcf.gz
3	131836516	133252173	Genotype.vcf.gz
3	133252173	135456906	Genotype.vcf.gz
3	135456906	137371083	Genotype.vcf.gz
3	137371083	139954597	Genotype.vcf.gz
3	139954597	141339097	Genotype.vcf.gz
3	141339097	143164628	Genotype.vcf.gz
3	143164628	144410816	Genotype.vcf.gz
3	144410816	145664619	Genotype.vcf.gz
3	145664619	146726629	Genotype.vcf.gz
3	146726629	149043237	Genotype.vcf.gz
3	149043237	150252004	Genotype.vcf.gz
3	150252004	151348730	Genotype.vcf.gz
3	151348730	153256571	Genotype.vcf.gz
3	153256571	154714218	Genotype.vcf.gz
3	154714218	156008700	Genotype.vcf.gz
3	156008700	157312028	Genotype.vcf.gz
3	157312028	159477890	Genotype.vcf.gz
3	159477890	161524504	Genotype.vcf.gz
3	161524504	163253205	Genotype.vcf.gz
3	163253205	165055469	Genotype.vcf.gz
3	165055469	167117429	Genotype.vcf.gz
3	167117429	168580960	Genotype.vcf.gz
3	168580960	170964909	Genotype.vcf.gz
3	170964909	172295731	Genotype.vcf.gz
3	172295731	173477285	Genotype.vcf.gz
3	173477285	175116539	Genotype.vcf.gz
3	175116539	176320287	Genotype.vcf.gz
3	176320287	178107165	Genotype.vcf.gz
3	178107165	179374586	Genotype.vcf.gz
3	179374586	181511166	Genotype.vcf.gz
3	181511166	183769683	Genotype.vcf.gz
3	183769683	185068255	Genotype.vcf.gz
3	185068255	186890344	Genotype.vcf.gz
3	186890344	188856214	Genotype.vcf.gz
3	188856214	190226607	Genotype.vcf.gz
3	190226607	192343814	Genotype.vcf.gz
3	192343814	194059671	Genotype.vcf.gz
3	194059671	194786674	Genotype.vcf.gz
3	194786674	195971408	Genotype.vcf.gz
3	195971408	197075987	Genotype.vcf.gz
3	197075987	197946622	Genotype.vcf.gz
4	10240	694715	Genotype.vcf.gz
4	694715	1478711	Genotype.vcf.gz
4	1478711	2842979	Genotype.vcf.gz
4	2842979	3846040	Genotype.vcf.gz
4	3846040	4684116	Genotype.vcf.gz
4	4684116	5502388	Genotype.vcf.gz
4	5502388	6773043	Genotype.vcf.gz
4	6773043	7539692	Genotype.vcf.gz
4	7539692	8152235	Genotype.vcf.gz
4	8152235	9326479	Genotype.vcf.gz
4	9326479	10699152	Genotype.vcf.gz
4	10699152	12323034	Genotype.vcf.gz
4	12323034	14272001	Genotype.vcf.gz
4	14272001	15147446	Genotype.vcf.gz
4	15147446	15927009	Genotype.vcf.gz
4	15927009	17383322	Genotype.vcf.gz
4	17383322	18841874	Genotype.vcf.gz
4	18841874	20544557	Genotype.vcf.gz
4	20544557	22319347	Genotype.vcf.gz
4	22319347	24135529	Genotype.vcf.gz
4	24135529	25609322	Genotype.vcf.gz
4	25609322	27343722	Genotype.vcf.gz
4	27343722	27965868	Genotype.vcf.gz
4	27965868	29762208	Genotype.vcf.gz
4	29762208	30454535	Genotype.vcf.gz
4	30454535	31782981	Genotype.vcf.gz
4	31782981	33172766	Genotype.vcf.gz
4	33172766	35151415	Genotype.vcf.gz
4	35151415	36020436	Genotype.vcf.gz
4	36020436	37255047	Genotype.vcf.gz
4	37255047	38907022	Genotype.vcf.gz
4	38907022	40202609	Genotype.vcf.gz
4	40202609	42213058	Genotype.vcf.gz
4	42213058	43965045	Genotype.vcf.gz
4	43965045	45189157	Genotype.vcf.gz
4	45189157	47411896	Genotype.vcf.gz
4	47411896	48123600	Genotype.vcf.gz
4	48123600	53877433	Genotype.vcf.gz
4	53877433	55429556	Genotype.vcf.gz
4	55429556	56547644	Genotype.vcf.gz
4	56547644	58935008	Genotype.vcf.gz
4	58935008	60741087	Genotype.vcf.gz
4	60741087	62371763	Genotype.vcf.gz
4	62371763	64341001	Genotype.vcf.gz
4	64341001	66600492	Genotype.vcf.gz
4	66600492	68059497	Genotype.vcf.gz
4	68059497	68854765	Genotype.vcf.gz
4	68854765	71049152	Genotype.vcf.gz
4	71049152	72140558	Genotype.vcf.gz
4	72140558	74592390	Genotype.vcf.gz
4	74592390	77130707	Genotype.vcf.gz
4	77130707	79093979	Genotype.vcf.gz
4	79093979	80990297	Genotype.vcf.gz
4	80990297	82125315	Genotype.vcf.gz
4	82125315	83372593	Genotype.vcf.gz
4	83372593	84799656	Genotype.vcf.gz
4	84799656	86930609	Genotype.vcf.gz
4	86930609	87534648	Genotype.vcf.gz
4	87534648	89238028	Genotype.vcf.gz
4	89238028	90231564	Genotype.vcf.gz
4	90231564	91560677	Genotype.vcf.gz
4	91560677	94233299	Genotype.vcf.gz
4	94233299	96182188	Genotype.vcf.gz
4	96182188	97540703	Genotype.vcf.gz
4	97540703	99424067	Genotype.vcf.gz
4	99424067	100678360	Genotype.vcf.gz
4	100678360	103221356	Genotype.vcf.gz
4	103221356	105305294	Genotype.vcf.gz
4	105305294	107501305	Genotype.vcf.gz
4	107501305	108815348	Genotype.vcf.gz
4	108815348	111256567	Genotype.vcf.gz
4	111256567	113870102	Genotype.vcf.gz
4	113870102	115666246	Genotype.vcf.gz
4	115666246	117276929	Genotype.vcf.gz
4	117276929	118479918	Genotype.vcf.gz
4	118479918	119933512	Genotype.vcf.gz
4	119933512	120392684	Genotype.vcf.gz
4	120392684	122657987	Genotype.vcf.gz
4	122657987	124286481	Genotype.vcf.gz
4	124286481	125210862	Genotype.vcf.gz
4	125210862	126480886	Genotype.vcf.gz
4	126480886	127275477	Genotype.vcf.gz
4	127275477	127830293	Genotype.vcf.gz
4	127830293	128996665	Genotype.vcf.gz
4	128996665	130591885	Genotype.vcf.gz
4	130591885	131283821	Genotype.vcf.gz
4	131283821	132954033	Genotype.vcf.gz
4	132954033	134628434	Genotype.vcf.gz
4	134628434	136566407	Genotype.vcf.gz
4	136566407	138541971	Genotype.vcf.gz
4	138541971	139556511	Genotype.vcf.gz
4	139556511	141084631	Genotype.vcf.gz
4	141084631	143443265	Genotype.vcf.gz
4	143443265	146178187	Genotype.vcf.gz
4	146178187	148521873	Genotype.vcf.gz
4	148521873	150683580	Genotype.vcf.gz
4	150683580	152782184	Genotype.vcf.gz
4	152782184	154477641	Genotype.vcf.gz
4	154477641	155056126	Genotype.vcf.gz
4	155056126	157485097	Genotype.vcf.gz
4	157485097	158743718	Genotype.vcf.gz
4	158743718	161058864	Genotype.vcf.gz
4	161058864	161826435	Genotype.vcf.gz
4	161826435	163243679	Genotype.vcf.gz
4	163243679	164478234	Genotype.vcf.gz
4	164478234	165823448	Genotype.vcf.gz
4	165823448	167018858	Genotype.vcf.gz
4	167018858	167852917	Genotype.vcf.gz
4	167852917	169676825	Genotype.vcf.gz
4	169676825	170776510	Genotype.vcf.gz
4	170776510	172558635	Genotype.vcf.gz
4	172558635	174264132	Genotype.vcf.gz
4	174264132	176570716	Genotype.vcf.gz
4	176570716	178991910	Genotype.vcf.gz
4	178991910	180122043	Genotype.vcf.gz
4	180122043	182066807	Genotype.vcf.gz
4	182066807	183371275	Genotype.vcf.gz
4	183371275	184929455	Genotype.vcf.gz
4	184929455	186909090	Genotype.vcf.gz
4	186909090	188472981	Genotype.vcf.gz
4	188472981	189693511	Genotype.vcf.gz
4	189693511	191043594	Genotype.vcf.gz
5	11940	982252	Genotype.vcf.gz
5	982252	2132442	Genotype.vcf.gz
5	2132442	3361941	Genotype.vcf.gz
5	3361941	4632110	Genotype.vcf.gz
5	4632110	5973233	Genotype.vcf.gz
5	5973233	7143218	Genotype.vcf.gz
5	7143218	8446336	Genotype.vcf.gz
5	8446336	9718832	Genotype.vcf.gz
5	9718832	11173271	Genotype.vcf.gz
5	11173271	13464832	Genotype.vcf.gz
5	13464832	14757804	Genotype.vcf.gz
5	14757804	16963613	Genotype.vcf.gz
5	16963613	18051592	Genotype.vcf.gz
5	18051592	19917716	Genotype.vcf.gz
5	19917716	22152073	Genotype.vcf.gz
5	22152073	23494324	Genotype.vcf.gz
5	23494324	26184851	Genotype.vcf.gz
5	26184851	26857604	Genotype.vcf.gz
5	26857604	27984513	Genotype.vcf.gz
5	27984513	29714820	Genotype.vcf.gz
5	29714820	31390249	Genotype.vcf.gz
5	31390249	33500180	Genotype.vcf.gz
5	33500180	35048970	Genotype.vcf.gz
5	35048970	36433954	Genotype.vcf.gz
5	36433954	38802410	Genotype.vcf.gz
5	38802410	40287729	Genotype.vcf.gz
5	40287729	41888710	Genotype.vcf.gz
5	41888710	43983499	Genotype.vcf.gz
5	43983499	50163398	Genotype.vcf.gz
5	50163398	52134622	Genotype.vcf.gz
5	52134622	53703044	Genotype.vcf.gz
5	53703044	55417349	Genotype.vcf.gz
5	55417349	56621102	Genotype.vcf.gz
5	56621102	57340073	Genotype.vcf.gz
5	57340073	58524622	Genotype.vcf.gz
5	58524622	60935907	Genotype.vcf.gz
5	60935907	61672995	Genotype.vcf.gz
5	61672995	63218987	Genotype.vcf.gz
5	63218987	63968304	Genotype.vcf.gz
5	63968304	65911286	Genotype.vcf.gz
5	65911286	67850860	Genotype.vcf.gz
5	67850860	71240456	Genotype.vcf.gz
5	71240456	73759326	Genotype.vcf.gz
5	73759326	75798866	Genotype.vcf.gz
5	75798866	77623332	Genotype.vcf.gz
5	77623332	79393144	Genotype.vcf.gz
5	79393144	80481471	Genotype.vcf.gz
5	80481471	82025648	Genotype.vcf.gz
5	82025648	83972689	Genotype.vcf.gz
5	83972689	85767290	Genotype.vcf.gz
5	85767290	87389991	Genotype.vcf.gz
5	87389991	88891530	Genotype.vcf.gz
5	88891530	90422654	Genotype.vcf.gz
5	90422654	91840542	Genotype.vcf.gz
5	91840542	93809984	Genotype.vcf.gz
5	93809984	95963519	Genotype.vcf.gz
5	95963519	97315601	Genotype.vcf.gz
5	97315601	99260992	Genotype.vcf.gz
5	99260992	101578769	Genotype.vcf.gz
5	101578769	103320005	Genotype.vcf.gz
5	103320005	104851483	Genotype.vcf.gz
5	104851483	105893055	Genotype.vcf.gz
5	105893055	107264196	Genotype.vcf.gz
5	107264196	108633934	Genotype.vcf.gz
5	108633934	110821144	Genotype.vcf.gz
5	110821144	111981562	Genotype.vcf.gz
5	111981562	113396285	Genotype.vcf.gz
5	113396285	114830370	Genotype.vcf.gz
5	114830370	115831047	Genotype.vcf.gz
5	115831047	117346213	Genotype.vcf.gz
5	117346213	118608820	Genotype.vcf.gz
5	118608820	119669042	Genotype.vcf.gz
5	119669042	120452166	Genotype.vcf.gz
5	120452166	122556905	Genotype.vcf.gz
5	122556905	123798100	Genotype.vcf.gz
5	123798100	125785649	Genotype.vcf.gz
5	125785649	127344604	Genotype.vcf.gz
5	127344604	129519025	Genotype.vcf.gz
5	129519025	132139649	Genotype.vcf.gz
5	132139649	134777401	Genotype.vcf.gz
5	134777401	136376050	Genotype.vcf.gz
5	136376050	139265072	Genotype.vcf.gz
5	139265072	140645971	Genotype.vcf.gz
5	140645971	142981248	Genotype.vcf.gz
5	142981248	144943354	Genotype.vcf.gz
5	144943354	147181998	Genotype.vcf.gz
5	147181998	148662624	Genotype.vcf.gz
5	148662624	150561298	Genotype.vcf.gz
5	150561298	152867774	Genotype.vcf.gz
5	152867774	153773088	Genotype.vcf.gz
5	153773088	155373505	Genotype.vcf.gz
5	155373505	156628700	Genotype.vcf.gz
5	156628700	158825698	Genotype.vcf.gz
5	158825698	159973944	Genotype.vcf.gz
5	159973944	161482133	Genotype.vcf.gz
5	161482133	162743908	Genotype.vcf.gz
5	162743908	163771582	Genotype.vcf.gz
5	163771582	165642395	Genotype.vcf.gz
5	165642395	166847740	Genotype.vcf.gz
5	166847740	168525318	Genotype.vcf.gz
5	168525318	169505664	Genotype.vcf.gz
5	169505664	171074292	Genotype.vcf.gz
5	171074292	172678327	Genotype.vcf.gz
5	172678327	173642871	Genotype.vcf.gz
5	173642871	175450595	Genotype.vcf.gz
5	175450595	177251507	Genotype.vcf.gz
5	177251507	178413464	Genotype.vcf.gz
5	178413464	179401244	Genotype.vcf.gz
5	179401244	180559933	Genotype.vcf.gz
5	180559933	180885156	Genotype.vcf.gz
6	73924	1452362	Genotype.vcf.gz
6	1452362	2458936	Genotype.vcf.gz
6	2458936	3573593	Genotype.vcf.gz
6	3573593	4617817	Genotype.vcf.gz
6	4617817	5791472	Genotype.vcf.gz
6	5791472	6785207	Genotype.vcf.gz
6	6785207	7808936	Genotype.vcf.gz
6	7808936	9020026	Genotype.vcf.gz
6	9020026	10540317	Genotype.vcf.gz
6	10540317	11790816	Genotype.vcf.gz
6	11790816	13209388	Genotype.vcf.gz
6	13209388	14802924	Genotype.vcf.gz
6	14802924	17386405	Genotype.vcf.gz
6	17386405	19207487	Genotype.vcf.gz
6	19207487	21684065	Genotype.vcf.gz
6	21684065	22748307	Genotype.vcf.gz
6	22748307	23936619	Genotype.vcf.gz
6	23936619	24852275	Genotype.vcf.gz
6	24852275	25684587	Genotype.vcf.gz
6	25684587	26791233	Genotype.vcf.gz
6	26791233	28017819	Genotype.vcf.gz
6	28017819	28917608	Genotype.vcf.gz
6	28917608	29737971	Genotype.vcf.gz
6	29737971	30798168	Genotype.vcf.gz
6	30798168	31571218	Genotype.vcf.gz
6	31571218	32682664	Genotype.vcf.gz
6	32682664	33236497	Genotype.vcf.gz
6	33236497	35455756	Genotype.vcf.gz
6	35455756	37572596	Genotype.vcf.gz
6	37572596	39295677	Genotype.vcf.gz
6	39295677	40345115	Genotype.vcf.gz
6	40345115	42038721	Genotype.vcf.gz
6	42038721	43756169	Genotype.vcf.gz
6	43756169	45406563	Genotype.vcf.gz
6	45406563	47311898	Genotype.vcf.gz
6	47311898	48391125	Genotype.vcf.gz
6	48391125	50386145	Genotype.vcf.gz
6	50386145	52210476	Genotype.vcf.gz
6	52210476	53279102	Genotype.vcf.gz
6	53279102	55468270	Genotype.vcf.gz
6	55468270	56105313	Genotype.vcf.gz
6	56105313	57599465	Genotype.vcf.gz
6	57599465	61880512	Genotype.vcf.gz
6	61880512	63552888	Genotype.vcf.gz
6	63552888	65765742	Genotype.vcf.gz
6	65765742	67329215	Genotype.vcf.gz
6	67329215	68849483	Genotype.vcf.gz
6	68849483	69523448	Genotype.vcf.gz
6	69523448	71609510	Genotype.vcf.gz
6	71609510	73450097	Genotype.vcf.gz
6	73450097	75462003	Genotype.vcf.gz
6	75462003	77414881	Genotype.vcf.gz
6	77414881	78957728	Genotype.vcf.gz
6	78957728	80691170	Genotype.vcf.gz
6	80691170	81929222	Genotype.vcf.gz
6	81929222	83127149	Genotype.vcf.gz
6	83127149	85209989	Genotype.vcf.gz
6	85209989	87069500	Genotype.vcf.gz
6	87069500	88822140	Genotype.vcf.gz
6	88822140	89973052	Genotype.vcf.gz
6	89973052	91843196	Genotype.vcf.gz
6	91843196	93428644	Genotype.vcf.gz
6	93428644	94118142	Genotype.vcf.gz
6	94118142	94441175	Genotype.vcf.gz
6	94441175	97093511	Genotype.vcf.gz
6	97093511	97842284	Genotype.vcf.gz
6	97842284	100630146	Genotype.vcf.gz
6	100630146	102636772	Genotype.vcf.gz
6	102636772	103983395	Genotype.vcf.gz
6	103983395	106056733	Genotype.vcf.gz
6	106056733	107450306	Genotype.vcf.gz
6	107450306	108464380	Genotype.vcf.gz
6	108464380	110304247	Genotype.vcf.gz
6	110304247	112345014	Genotype.vcf.gz
6	112345014	114220833	Genotype.vcf.gz
6	114220833	116131396	Genotype.vcf.gz
6	116131396	117672972	Genotype.vcf.gz
6	117672972	118963115	Genotype.vcf.gz
6	118963115	119963278	Genotype.vcf.gz
6	119963278	120512128	Genotype.vcf.gz
6	120512128	121905676	Genotype.vcf.gz
6	121905676	123856181	Genotype.vcf.gz
6	123856181	125424383	Genotype.vcf.gz
6	125424383	127540461	Genotype.vcf.gz
6	127540461	129861031	Genotype.vcf.gz
6	129861031	130935454	Genotype.vcf.gz
6	130935454	132765669	Genotype.vcf.gz
6	132765669	134244243	Genotype.vcf.gz
6	134244243	136224177	Genotype.vcf.gz
6	136224177	137614218	Genotype.vcf.gz
6	137614218	138822629	Genotype.vcf.gz
6	138822629	139845436	Genotype.vcf.gz
6	139845436	142288479	Genotype.vcf.gz
6	142288479	145319810	Genotype.vcf.gz
6	145319810	146665424	Genotype.vcf.gz
6	146665424	148920352	Genotype.vcf.gz
6	148920352	150253404	Genotype.vcf.gz
6	150253404	151912703	Genotype.vcf.gz
6	151912703	153094496	Genotype.vcf.gz
6	153094496	154974120	Genotype.vcf.gz
6	154974120	156763326	Genotype.vcf.gz
6	156763326	158218719	Genotype.vcf.gz
6	158218719	160580497	Genotype.vcf.gz
6	160580497	162169564	Genotype.vcf.gz
6	162169564	162931203	Genotype.vcf.gz
6	162931203	164383521	Genotype.vcf.gz
6	164383521	165586864	Genotype.vcf.gz
6	165586864	167024733	Genotype.vcf.gz
6	167024733	168042835	Genotype.vcf.gz
6	168042835	169382050	Genotype.vcf.gz
6	169382050	170330173	Genotype.vcf.gz
6	170330173	171051270	Genotype.vcf.gz
7	16161	972752	Genotype.vcf.gz
7	972752	1353067	Genotype.vcf.gz
7	1353067	2062398	Genotype.vcf.gz
7	2062398	2772227	Genotype.vcf.gz
7	2772227	4573428	Genotype.vcf.gz
7	4573428	5416232	Genotype.vcf.gz
7	5416232	5854526	Genotype.vcf.gz
7	5854526	6573857	Genotype.vcf.gz
7	6573857	7808752	Genotype.vcf.gz
7	7808752	9123423	Genotype.vcf.gz
7	9123423	9987499	Genotype.vcf.gz
7	9987499	11299198	Genotype.vcf.gz
7	11299198	12635461	Genotype.vcf.gz
7	12635461	13884202	Genotype.vcf.gz
7	13884202	15143657	Genotype.vcf.gz
7	15143657	16902069	Genotype.vcf.gz
7	16902069	19481547	Genotype.vcf.gz
7	19481547	20124908	Genotype.vcf.gz
7	20124908	22507629	Genotype.vcf.gz
7	22507629	23471442	Genotype.vcf.gz
7	23471442	25077259	Genotype.vcf.gz
7	25077259	25909555	Genotype.vcf.gz
7	25909555	28360309	Genotype.vcf.gz
7	28360309	31137289	Genotype.vcf.gz
7	31137289	33555768	Genotype.vcf.gz
7	33555768	36213538	Genotype.vcf.gz
7	36213538	37555184	Genotype.vcf.gz
7	37555184	38966703	Genotype.vcf.gz
7	38966703	39862670	Genotype.vcf.gz
7	39862670	42001811	Genotype.vcf.gz
7	42001811	43159074	Genotype.vcf.gz
7	43159074	44763828	Genotype.vcf.gz
7	44763828	45952922	Genotype.vcf.gz
7	45952922	46986720	Genotype.vcf.gz
7	46986720	49212278	Genotype.vcf.gz
7	49212278	51675322	Genotype.vcf.gz
7	51675322	53176312	Genotype.vcf.gz
7	53176312	54222976	Genotype.vcf.gz
7	54222976	55691584	Genotype.vcf.gz
7	55691584	57382638	Genotype.vcf.gz
7	57382638	63307359	Genotype.vcf.gz
7	63307359	63641125	Genotype.vcf.gz
7	63641125	65689809	Genotype.vcf.gz
7	65689809	68234074	Genotype.vcf.gz
7	68234074	69085364	Genotype.vcf.gz
7	69085364	71874885	Genotype.vcf.gz
7	71874885	73334602	Genotype.vcf.gz
7	73334602	76458564	Genotype.vcf.gz
7	76458564	78093859	Genotype.vcf.gz
7	78093859	79888069	Genotype.vcf.gz
7	79888069	82022686	Genotype.vcf.gz
7	82022686	83801203	Genotype.vcf.gz
7	83801203	85572182	Genotype.vcf.gz
7	85572182	87825004	Genotype.vcf.gz
7	87825004	90661784	Genotype.vcf.gz
7	90661784	92493752	Genotype.vcf.gz
7	92493752	93966601	Genotype.vcf.gz
7	93966601	96073508	Genotype.vcf.gz
7	96073508	97099570	Genotype.vcf.gz
7	97099570	98715474	Genotype.vcf.gz
7	98715474	100196651	Genotype.vcf.gz
7	100196651	101199253	Genotype.vcf.gz
7	101199253	103197510	Genotype.vcf.gz
7	103197510	104159525	Genotype.vcf.gz
7	104159525	105682905	Genotype.vcf.gz
7	105682905	107780178	Genotype.vcf.gz
7	107780178	109647594	Genotype.vcf.gz
7	109647594	112618684	Genotype.vcf.gz
7	112618684	113712387	Genotype.vcf.gz
7	113712387	116780178	Genotype.vcf.gz
7	116780178	118351581	Genotype.vcf.gz
7	118351581	121045273	Genotype.vcf.gz
7	121045273	121933630	Genotype.vcf.gz
7	121933630	124156805	Genotype.vcf.gz
7	124156805	124167552	Genotype.vcf.gz
7	124167552	126519170	Genotype.vcf.gz
7	126519170	126869221	Genotype.vcf.gz
7	126869221	128778386	Genotype.vcf.gz
7	128778386	130422414	Genotype.vcf.gz
7	130422414	132805848	Genotype.vcf.gz
7	132805848	134307596	Genotype.vcf.gz
7	134307596	135591083	Genotype.vcf.gz
7	135591083	136876562	Genotype.vcf.gz
7	136876562	138744679	Genotype.vcf.gz
7	138744679	139933177	Genotype.vcf.gz
7	139933177	140235210	Genotype.vcf.gz
7	140235210	141226557	Genotype.vcf.gz
7	141226557	142656310	Genotype.vcf.gz
7	142656310	144968289	Genotype.vcf.gz
7	144968289	146427960	Genotype.vcf.gz
7	146427960	147815318	Genotype.vcf.gz
7	147815318	149840658	Genotype.vcf.gz
7	149840658	150711505	Genotype.vcf.gz
7	150711505	152249806	Genotype.vcf.gz
7	152249806	153674019	Genotype.vcf.gz
7	153674019	154964730	Genotype.vcf.gz
7	154964730	156065250	Genotype.vcf.gz
7	156065250	157634597	Genotype.vcf.gz
7	157634597	159128575	Genotype.vcf.gz
8	10422	1044217	Genotype.vcf.gz
8	1044217	1163245	Genotype.vcf.gz
8	1163245	2042942	Genotype.vcf.gz
8	2042942	2573279	Genotype.vcf.gz
8	2573279	3392926	Genotype.vcf.gz
8	3392926	3783017	Genotype.vcf.gz
8	3783017	4480476	Genotype.vcf.gz
8	4480476	5146927	Genotype.vcf.gz
8	5146927	6142797	Genotype.vcf.gz
8	6142797	7153079	Genotype.vcf.gz
8	7153079	9154694	Genotype.vcf.gz
8	9154694	9640787	Genotype.vcf.gz
8	9640787	10463197	Genotype.vcf.gz
8	10463197	11278998	Genotype.vcf.gz
8	11278998	13491775	Genotype.vcf.gz
8	13491775	13944992	Genotype.vcf.gz
8	13944992	15991660	Genotype.vcf.gz
8	15991660	17387876	Genotype.vcf.gz
8	17387876	17836399	Genotype.vcf.gz
8	17836399	19492840	Genotype.vcf.gz
8	19492840	20060856	Genotype.vcf.gz
8	20060856	21661737	Genotype.vcf.gz
8	21661737	22897057	Genotype.vcf.gz
8	22897057	24674718	Genotype.vcf.gz
8	24674718	25483454	Genotype.vcf.gz
8	25483454	26682525	Genotype.vcf.gz
8	26682525	28162392	Genotype.vcf.gz
8	28162392	29327896	Genotype.vcf.gz
8	29327896	31133729	Genotype.vcf.gz
8	31133729	31548360	Genotype.vcf.gz
8	31548360	32977218	Genotype.vcf.gz
8	32977218	35317232	Genotype.vcf.gz
8	35317232	37379389	Genotype.vcf.gz
8	37379389	38938806	Genotype.vcf.gz
8	38938806	40703337	Genotype.vcf.gz
8	40703337	41721454	Genotype.vcf.gz
8	41721454	42773823	Genotype.vcf.gz
8	42773823	46841315	Genotype.vcf.gz
8	46841315	50082470	Genotype.vcf.gz
8	50082470	53302930	Genotype.vcf.gz
8	53302930	54418044	Genotype.vcf.gz
8	54418044	55945581	Genotype.vcf.gz
8	55945581	56956383	Genotype.vcf.gz
8	56956383	59068651	Genotype.vcf.gz
8	59068651	59728100	Genotype.vcf.gz
8	59728100	62329099	Genotype.vcf.gz
8	62329099	63349306	Genotype.vcf.gz
8	63349306	65232872	Genotype.vcf.gz
8	65232872	66489090	Genotype.vcf.gz
8	66489090	69863057	Genotype.vcf.gz
8	69863057	70867979	Genotype.vcf.gz
8	70867979	72289454	Genotype.vcf.gz
8	72289454	73817199	Genotype.vcf.gz
8	73817199	75445064	Genotype.vcf.gz
8	75445064	76456542	Genotype.vcf.gz
8	76456542	79132861	Genotype.vcf.gz
8	79132861	81956395	Genotype.vcf.gz
8	81956395	82693739	Genotype.vcf.gz
8	82693739	84225589	Genotype.vcf.gz
8	84225589	85955619	Genotype.vcf.gz
8	85955619	87411709	Genotype.vcf.gz
8	87411709	89085481	Genotype.vcf.gz
8	89085481	90638162	Genotype.vcf.gz
8	90638162	93554386	Genotype.vcf.gz
8	93554386	95005527	Genotype.vcf.gz
8	95005527	96534806	Genotype.vcf.gz
8	96534806	99401581	Genotype.vcf.gz
8	99401581	101620958	Genotype.vcf.gz
8	101620958	104123306	Genotype.vcf.gz
8	104123306	104988752	Genotype.vcf.gz
8	104988752	107410754	Genotype.vcf.gz
8	107410754	108648177	Genotype.vcf.gz
8	108648177	109248173	Genotype.vcf.gz
8	109248173	110484314	Genotype.vcf.gz
8	110484314	111850847	Genotype.vcf.gz
8	111850847	113064320	Genotype.vcf.gz
8	113064320	116096495	Genotype.vcf.gz
8	116096495	119685457	Genotype.vcf.gz
8	119685457	121201700	Genotype.vcf.gz
8	121201700	124861459	Genotype.vcf.gz
8	124861459	125683719	Genotype.vcf.gz
8	125683719	126410917	Genotype.vcf.gz
8	126410917	128659111	Genotype.vcf.gz
8	128659111	130381139	Genotype.vcf.gz
8	130381139	131639625	Genotype.vcf.gz
8	131639625	133351144	Genotype.vcf.gz
8	133351144	134570001	Genotype.vcf.gz
8	134570001	136035605	Genotype.vcf.gz
8	136035605	137524151	Genotype.vcf.gz
8	137524151	139254830	Genotype.vcf.gz
8	139254830	140725643	Genotype.vcf.gz
8	140725643	143044914	Genotype.vcf.gz
8	143044914	144236881	Genotype.vcf.gz
8	144236881	146303867	Genotype.vcf.gz
9	10023	1079707	Genotype.vcf.gz
9	1079707	1916877	Genotype.vcf.gz
9	1916877	3190064	Genotype.vcf.gz
9	3190064	4495328	Genotype.vcf.gz
9	4495328	4884926	Genotype.vcf.gz
9	4884926	6557589	Genotype.vcf.gz
9	6557589	7154923	Genotype.vcf.gz
9	7154923	8456299	Genotype.vcf.gz
9	8456299	9166403	Genotype.vcf.gz
9	9166403	10879253	Genotype.vcf.gz
9	10879253	12276489	Genotype.vcf.gz
9	12276489	14836363	Genotype.vcf.gz
9	14836363	16659655	Genotype.vcf.gz
9	16659655	18661051	Genotype.vcf.gz
9	18661051	20463534	Genotype.vcf.gz
9	20463534	22206559	Genotype.vcf.gz
9	22206559	24158518	Genotype.vcf.gz
9	24158518	25330810	Genotype.vcf.gz
9	25330810	26111757	Genotype.vcf.gz
9	26111757	28224283	Genotype.vcf.gz
9	28224283	28811584	Genotype.vcf.gz
9	28811584	30387392	Genotype.vcf.gz
9	30387392	31310383	Genotype.vcf.gz
9	31310383	32019368	Genotype.vcf.gz
9	32019368	33578334	Genotype.vcf.gz
9	33578334	34642243	Genotype.vcf.gz
9	34642243	36743283	Genotype.vcf.gz
9	36743283	38641599	Genotype.vcf.gz
9	38641599	65472190	Genotype.vcf.gz
9	65472190	72512711	Genotype.vcf.gz
9	72512711	72753755	Genotype.vcf.gz
9	72753755	74253040	Genotype.vcf.gz
9	74253040	76203946	Genotype.vcf.gz
9	76203946	76973081	Genotype.vcf.gz
9	76973081	78900183	Genotype.vcf.gz
9	78900183	79471208	Genotype.vcf.gz
9	79471208	81079055	Genotype.vcf.gz
9	81079055	82590928	Genotype.vcf.gz
9	82590928	84211233	Genotype.vcf.gz
9	84211233	85440801	Genotype.vcf.gz
9	85440801	86938196	Genotype.vcf.gz
9	86938196	88109333	Genotype.vcf.gz
9	88109333	88590417	Genotype.vcf.gz
9	88590417	90136246	Genotype.vcf.gz
9	90136246	92528698	Genotype.vcf.gz
9	92528698	94167203	Genotype.vcf.gz
9	94167203	96671698	Genotype.vcf.gz
9	96671698	98922040	Genotype.vcf.gz
9	98922040	101592859	Genotype.vcf.gz
9	101592859	104624437	Genotype.vcf.gz
9	104624437	105967976	Genotype.vcf.gz
9	105967976	107581749	Genotype.vcf.gz
9	107581749	109298754	Genotype.vcf.gz
9	109298754	110695062	Genotype.vcf.gz
9	110695062	112778024	Genotype.vcf.gz
9	112778024	114831082	Genotype.vcf.gz
9	114831082	115693145	Genotype.vcf.gz
9	115693145	117019801	Genotype.vcf.gz
9	117019801	117921960	Genotype.vcf.gz
9	117921960	121321537	Genotype.vcf.gz
9	121321537	122260297	Genotype.vcf.gz
9	122260297	124871322	Genotype.vcf.gz
9	124871322	126971887	Genotype.vcf.gz
9	126971887	129059665	Genotype.vcf.gz
9	129059665	130055510	Genotype.vcf.gz
9	130055510	132165470	Genotype.vcf.gz
9	132165470	133223217	Genotype.vcf.gz
9	133223217	134127888	Genotype.vcf.gz
9	134127888	135298842	Genotype.vcf.gz
9	135298842	137041122	Genotype.vcf.gz
9	137041122	137589364	Genotype.vcf.gz
9	137589364	138938978	Genotype.vcf.gz
9	138938978	139500342	Genotype.vcf.gz
9	139500342	141144796	Genotype.vcf.gz
10	60523	751339	Genotype.vcf.gz
10	751339	1523544	Genotype.vcf.gz
10	1523544	2254500	Genotype.vcf.gz
10	2254500	3352699	Genotype.vcf.gz
10	3352699	4572274	Genotype.vcf.gz
10	4572274	5983762	Genotype.vcf.gz
10	5983762	7171484	Genotype.vcf.gz
10	7171484	8774665	Genotype.vcf.gz
10	8774665	10249396	Genotype.vcf.gz
10	10249396	12586797	Genotype.vcf.gz
10	12586797	13321600	Genotype.vcf.gz
10	13321600	15026068	Genotype.vcf.gz
10	15026068	16551767	Genotype.vcf.gz
10	16551767	18537267	Genotype.vcf.gz
10	18537267	19716878	Genotype.vcf.gz
10	19716878	22772283	Genotype.vcf.gz
10	22772283	23175132	Genotype.vcf.gz
10	23175132	25578596	Genotype.vcf.gz
10	25578596	26888684	Genotype.vcf.gz
10	26888684	29323236	Genotype.vcf.gz
10	29323236	29783692	Genotype.vcf.gz
10	29783692	30458838	Genotype.vcf.gz
10	30458838	31907519	Genotype.vcf.gz
10	31907519	33707968	Genotype.vcf.gz
10	33707968	35109355	Genotype.vcf.gz
10	35109355	36572508	Genotype.vcf.gz
10	36572508	37790029	Genotype.vcf.gz
10	37790029	42372579	Genotype.vcf.gz
10	42372579	43894771	Genotype.vcf.gz
10	43894771	44730075	Genotype.vcf.gz
10	44730075	48760450	Genotype.vcf.gz
10	48760450	50840915	Genotype.vcf.gz
10	50840915	53616629	Genotype.vcf.gz
10	53616629	55103572	Genotype.vcf.gz
10	55103572	57031140	Genotype.vcf.gz
10	57031140	57662146	Genotype.vcf.gz
10	57662146	58959528	Genotype.vcf.gz
10	58959528	60289987	Genotype.vcf.gz
10	60289987	61891409	Genotype.vcf.gz
10	61891409	62659679	Genotype.vcf.gz
10	62659679	63341695	Genotype.vcf.gz
10	63341695	65794114	Genotype.vcf.gz
10	65794114	67549615	Genotype.vcf.gz
10	67549615	69900148	Genotype.vcf.gz
10	69900148	70195991	Genotype.vcf.gz
10	70195991	72220850	Genotype.vcf.gz
10	72220850	73508512	Genotype.vcf.gz
10	73508512	75422550	Genotype.vcf.gz
10	75422550	78706814	Genotype.vcf.gz
10	78706814	80876749	Genotype.vcf.gz
10	80876749	82414679	Genotype.vcf.gz
10	82414679	84383745	Genotype.vcf.gz
10	84383745	85458703	Genotype.vcf.gz
10	85458703	87937577	Genotype.vcf.gz
10	87937577	89127064	Genotype.vcf.gz
10	89127064	91013381	Genotype.vcf.gz
10	91013381	92006581	Genotype.vcf.gz
10	92006581	93335047	Genotype.vcf.gz
10	93335047	95396368	Genotype.vcf.gz
10	95396368	96221243	Genotype.vcf.gz
10	96221243	97822357	Genotype.vcf.gz
10	97822357	100241302	Genotype.vcf.gz
10	100241302	100668400	Genotype.vcf.gz
10	100668400	102949239	Genotype.vcf.gz
10	102949239	104380410	Genotype.vcf.gz
10	104380410	106695048	Genotype.vcf.gz
10	106695048	108726686	Genotype.vcf.gz
10	108726686	110317705	Genotype.vcf.gz
10	110317705	112561493	Genotype.vcf.gz
10	112561493	115328432	Genotype.vcf.gz
10	115328432	116421406	Genotype.vcf.gz
10	116421406	119523934	Genotype.vcf.gz
10	119523934	120591353	Genotype.vcf.gz
10	120591353	122407323	Genotype.vcf.gz
10	122407323	123231465	Genotype.vcf.gz
10	123231465	123900545	Genotype.vcf.gz
10	123900545	125869346	Genotype.vcf.gz
10	125869346	128001098	Genotype.vcf.gz
10	128001098	129154362	Genotype.vcf.gz
10	129154362	130844284	Genotype.vcf.gz
10	130844284	131741327	Genotype.vcf.gz
10	131741327	132580245	Genotype.vcf.gz
10	132580245	134336329	Genotype.vcf.gz
10	134336329	134494673	Genotype.vcf.gz
10	134494673	135523865	Genotype.vcf.gz
11	70855	1213590	Genotype.vcf.gz
11	1213590	3665481	Genotype.vcf.gz
11	3665481	4746709	Genotype.vcf.gz
11	4746709	6322869	Genotype.vcf.gz
11	6322869	7436701	Genotype.vcf.gz
11	7436701	8333274	Genotype.vcf.gz
11	8333274	9087317	Genotype.vcf.gz
11	9087317	10952027	Genotype.vcf.gz
11	10952027	12564229	Genotype.vcf.gz
11	12564229	13373124	Genotype.vcf.gz
11	13373124	15742552	Genotype.vcf.gz
11	15742552	17578402	Genotype.vcf.gz
11	17578402	19569535	Genotype.vcf.gz
11	19569535	21017138	Genotype.vcf.gz
11	21017138	22374142	Genotype.vcf.gz
11	22374142	24088517	Genotype.vcf.gz
11	24088517	26045753	Genotype.vcf.gz
11	26045753	27020461	Genotype.vcf.gz
11	27020461	28481593	Genotype.vcf.gz
11	28481593	30141357	Genotype.vcf.gz
11	30141357	32276901	Genotype.vcf.gz
11	32276901	33958739	Genotype.vcf.gz
11	33958739	35502605	Genotype.vcf.gz
11	35502605	37116815	Genotype.vcf.gz
11	37116815	39382003	Genotype.vcf.gz
11	39382003	42310003	Genotype.vcf.gz
11	42310003	44693799	Genotype.vcf.gz
11	44693799	47006137	Genotype.vcf.gz
11	47006137	49866050	Genotype.vcf.gz
11	49866050	54695473	Genotype.vcf.gz
11	54695473	55082657	Genotype.vcf.gz
11	55082657	58457495	Genotype.vcf.gz
11	58457495	58780549	Genotype.vcf.gz
11	58780549	62223771	Genotype.vcf.gz
11	62223771	63804569	Genotype.vcf.gz
11	63804569	65898631	Genotype.vcf.gz
11	65898631	68005825	Genotype.vcf.gz
11	68005825	69516130	Genotype.vcf.gz
11	69516130	70926292	Genotype.vcf.gz
11	70926292	72286017	Genotype.vcf.gz
11	72286017	74412351	Genotype.vcf.gz
11	74412351	76797209	Genotype.vcf.gz
11	76797209	78355058	Genotype.vcf.gz
11	78355058	80722373	Genotype.vcf.gz
11	80722373	81266712	Genotype.vcf.gz
11	81266712	84381272	Genotype.vcf.gz
11	84381272	86619301	Genotype.vcf.gz
11	86619301	87430235	Genotype.vcf.gz
11	87430235	89208936	Genotype.vcf.gz
11	89208936	90966490	Genotype.vcf.gz
11	90966490	92077144	Genotype.vcf.gz
11	92077144	93276157	Genotype.vcf.gz
11	93276157	94242260	Genotype.vcf.gz
11	94242260	95726041	Genotype.vcf.gz
11	95726041	97057058	Genotype.vcf.gz
11	97057058	98705065	Genotype.vcf.gz
11	98705065	100417169	Genotype.vcf.gz
11	100417169	101331121	Genotype.vcf.gz
11	101331121	103959636	Genotype.vcf.gz
11	103959636	104873284	Genotype.vcf.gz
11	104873284	106520894	Genotype.vcf.gz
11	106520894	107844200	Genotype.vcf.gz
11	107844200	108437037	Genotype.vcf.gz
11	108437037	109866116	Genotype.vcf.gz
11	109866116	111114397	Genotype.vcf.gz
11	111114397	112459488	Genotype.vcf.gz
11	112459488	114257728	Genotype.vcf.gz
11	114257728	114830666	Genotype.vcf.gz
11	114830666	116383348	Genotype.vcf.gz
11	116383348	117747110	Genotype.vcf.gz
11	117747110	119215476	Genotype.vcf.gz
11	119215476	120766806	Genotype.vcf.gz
11	120766806	121175943	Genotype.vcf.gz
11	121175943	122591910	Genotype.vcf.gz
11	122591910	123500117	Genotype.vcf.gz
11	123500117	124495528	Genotype.vcf.gz
11	124495528	126311320	Genotype.vcf.gz
11	126311320	127316679	Genotype.vcf.gz
11	127316679	128188537	Genotype.vcf.gz
11	128188537	130342575	Genotype.vcf.gz
11	130342575	131074612	Genotype.vcf.gz
11	131074612	133000046	Genotype.vcf.gz
11	133000046	134205993	Genotype.vcf.gz
11	134205993	134946452	Genotype.vcf.gz
12	61107	1080331	Genotype.vcf.gz
12	1080331	2544786	Genotype.vcf.gz
12	2544786	3677037	Genotype.vcf.gz
12	3677037	4417679	Genotype.vcf.gz
12	4417679	5321472	Genotype.vcf.gz
12	5321472	6419753	Genotype.vcf.gz
12	6419753	8377536	Genotype.vcf.gz
12	8377536	9031395	Genotype.vcf.gz
12	9031395	10481534	Genotype.vcf.gz
12	10481534	11754846	Genotype.vcf.gz
12	11754846	12733528	Genotype.vcf.gz
12	12733528	15241484	Genotype.vcf.gz
12	15241484	16310460	Genotype.vcf.gz
12	16310460	18087873	Genotype.vcf.gz
12	18087873	20863943	Genotype.vcf.gz
12	20863943	23820634	Genotype.vcf.gz
12	23820634	25371083	Genotype.vcf.gz
12	25371083	27799773	Genotype.vcf.gz
12	27799773	29651255	Genotype.vcf.gz
12	29651255	30512406	Genotype.vcf.gz
12	30512406	32165592	Genotype.vcf.gz
12	32165592	33076989	Genotype.vcf.gz
12	33076989	37856717	Genotype.vcf.gz
12	37856717	39227169	Genotype.vcf.gz
12	39227169	40816185	Genotype.vcf.gz
12	40816185	41658586	Genotype.vcf.gz
12	41658586	43984474	Genotype.vcf.gz
12	43984474	46024229	Genotype.vcf.gz
12	46024229	47714793	Genotype.vcf.gz
12	47714793	49001866	Genotype.vcf.gz
12	49001866	51776494	Genotype.vcf.gz
12	51776494	53039004	Genotype.vcf.gz
12	53039004	54778823	Genotype.vcf.gz
12	54778823	55665837	Genotype.vcf.gz
12	55665837	57548860	Genotype.vcf.gz
12	57548860	59308666	Genotype.vcf.gz
12	59308666	61123729	Genotype.vcf.gz
12	61123729	64032461	Genotype.vcf.gz
12	64032461	65559695	Genotype.vcf.gz
12	65559695	67181144	Genotype.vcf.gz
12	67181144	67909729	Genotype.vcf.gz
12	67909729	69826542	Genotype.vcf.gz
12	69826542	70957987	Genotype.vcf.gz
12	70957987	72645075	Genotype.vcf.gz
12	72645075	73818454	Genotype.vcf.gz
12	73818454	76511314	Genotype.vcf.gz
12	76511314	78570570	Genotype.vcf.gz
12	78570570	80448150	Genotype.vcf.gz
12	80448150	81467767	Genotype.vcf.gz
12	81467767	83502666	Genotype.vcf.gz
12	83502666	84303844	Genotype.vcf.gz
12	84303844	85990426	Genotype.vcf.gz
12	85990426	89682122	Genotype.vcf.gz
12	89682122	92066155	Genotype.vcf.gz
12	92066155	94514567	Genotype.vcf.gz
12	94514567	96020785	Genotype.vcf.gz
12	96020785	97108839	Genotype.vcf.gz
12	97108839	99305987	Genotype.vcf.gz
12	99305987	101447641	Genotype.vcf.gz
12	101447641	101862690	Genotype.vcf.gz
12	101862690	102964986	Genotype.vcf.gz
12	102964986	104848696	Genotype.vcf.gz
12	104848696	106436213	Genotype.vcf.gz
12	106436213	106958748	Genotype.vcf.gz
12	106958748	109025901	Genotype.vcf.gz
12	109025901	110336719	Genotype.vcf.gz
12	110336719	113263518	Genotype.vcf.gz
12	113263518	113986709	Genotype.vcf.gz
12	113986709	115036602	Genotype.vcf.gz
12	115036602	115503216	Genotype.vcf.gz
12	115503216	117087471	Genotype.vcf.gz
12	117087471	118135375	Genotype.vcf.gz
12	118135375	119754110	Genotype.vcf.gz
12	119754110	122007651	Genotype.vcf.gz
12	122007651	124977980	Genotype.vcf.gz
12	124977980	126445505	Genotype.vcf.gz
12	126445505	127875098	Genotype.vcf.gz
12	127875098	129237297	Genotype.vcf.gz
12	129237297	130377921	Genotype.vcf.gz
12	130377921	131786751	Genotype.vcf.gz
12	131786751	132807034	Genotype.vcf.gz
12	132807034	133841511	Genotype.vcf.gz
13	19020013	20686720	Genotype.vcf.gz
13	20686720	22242174	Genotype.vcf.gz
13	22242174	23594702	Genotype.vcf.gz
13	23594702	24531937	Genotype.vcf.gz
13	24531937	25784362	Genotype.vcf.gz
13	25784362	27284362	Genotype.vcf.gz
13	27284362	29257551	Genotype.vcf.gz
13	29257551	30483267	Genotype.vcf.gz
13	30483267	32301815	Genotype.vcf.gz
13	32301815	33776903	Genotype.vcf.gz
13	33776903	35026464	Genotype.vcf.gz
13	35026464	36046367	Genotype.vcf.gz
13	36046367	37498185	Genotype.vcf.gz
13	37498185	38878163	Genotype.vcf.gz
13	38878163	41069263	Genotype.vcf.gz
13	41069263	43101027	Genotype.vcf.gz
13	43101027	44901409	Genotype.vcf.gz
13	44901409	46495214	Genotype.vcf.gz
13	46495214	47431079	Genotype.vcf.gz
13	47431079	49383962	Genotype.vcf.gz
13	49383962	51591091	Genotype.vcf.gz
13	51591091	53339622	Genotype.vcf.gz
13	53339622	54682864	Genotype.vcf.gz
13	54682864	55817131	Genotype.vcf.gz
13	55817131	57554217	Genotype.vcf.gz
13	57554217	58410626	Genotype.vcf.gz
13	58410626	59302271	Genotype.vcf.gz
13	59302271	60854778	Genotype.vcf.gz
13	60854778	61591949	Genotype.vcf.gz
13	61591949	63971559	Genotype.vcf.gz
13	63971559	65200602	Genotype.vcf.gz
13	65200602	67844453	Genotype.vcf.gz
13	67844453	70724516	Genotype.vcf.gz
13	70724516	71526791	Genotype.vcf.gz
13	71526791	73934089	Genotype.vcf.gz
13	73934089	75670143	Genotype.vcf.gz
13	75670143	77410555	Genotype.vcf.gz
13	77410555	78808813	Genotype.vcf.gz
13	78808813	80585676	Genotype.vcf.gz
13	80585676	82581814	Genotype.vcf.gz
13	82581814	84133144	Genotype.vcf.gz
13	84133144	85610916	Genotype.vcf.gz
13	85610916	88559882	Genotype.vcf.gz
13	88559882	90521311	Genotype.vcf.gz
13	90521311	93129691	Genotype.vcf.gz
13	93129691	93586455	Genotype.vcf.gz
13	93586455	96087558	Genotype.vcf.gz
13	96087558	97519210	Genotype.vcf.gz
13	97519210	98938919	Genotype.vcf.gz
13	98938919	100574095	Genotype.vcf.gz
13	100574095	102300523	Genotype.vcf.gz
13	102300523	104066710	Genotype.vcf.gz
13	104066710	104844114	Genotype.vcf.gz
13	104844114	106247554	Genotype.vcf.gz
13	106247554	106750000	Genotype.vcf.gz
13	106750000	108189877	Genotype.vcf.gz
13	108189877	109121210	Genotype.vcf.gz
13	109121210	109815112	Genotype.vcf.gz
13	109815112	111232073	Genotype.vcf.gz
13	111232073	112247592	Genotype.vcf.gz
13	112247592	113572488	Genotype.vcf.gz
13	113572488	115109853	Genotype.vcf.gz
14	19002084	21589402	Genotype.vcf.gz
14	21589402	23018665	Genotype.vcf.gz
14	23018665	24905123	Genotype.vcf.gz
14	24905123	26135686	Genotype.vcf.gz
14	26135686	28466533	Genotype.vcf.gz
14	28466533	29972145	Genotype.vcf.gz
14	29972145	32383265	Genotype.vcf.gz
14	32383265	34846251	Genotype.vcf.gz
14	34846251	35859593	Genotype.vcf.gz
14	35859593	38667725	Genotype.vcf.gz
14	38667725	40341990	Genotype.vcf.gz
14	40341990	41615502	Genotype.vcf.gz
14	41615502	43137389	Genotype.vcf.gz
14	43137389	44543227	Genotype.vcf.gz
14	44543227	46081896	Genotype.vcf.gz
14	46081896	46749130	Genotype.vcf.gz
14	46749130	48573586	Genotype.vcf.gz
14	48573586	49005471	Genotype.vcf.gz
14	49005471	50507760	Genotype.vcf.gz
14	50507760	51493572	Genotype.vcf.gz
14	51493572	53474383	Genotype.vcf.gz
14	53474383	53997831	Genotype.vcf.gz
14	53997831	55233681	Genotype.vcf.gz
14	55233681	56216880	Genotype.vcf.gz
14	56216880	57481262	Genotype.vcf.gz
14	57481262	59448336	Genotype.vcf.gz
14	59448336	61680424	Genotype.vcf.gz
14	61680424	63790015	Genotype.vcf.gz
14	63790015	65220298	Genotype.vcf.gz
14	65220298	66399555	Genotype.vcf.gz
14	66399555	67992317	Genotype.vcf.gz
14	67992317	71131957	Genotype.vcf.gz
14	71131957	72889615	Genotype.vcf.gz
14	72889615	76444767	Genotype.vcf.gz
14	76444767	77229472	Genotype.vcf.gz
14	77229472	78561945	Genotype.vcf.gz
14	78561945	80186579	Genotype.vcf.gz
14	80186579	81579714	Genotype.vcf.gz
14	81579714	83138097	Genotype.vcf.gz
14	83138097	84241633	Genotype.vcf.gz
14	84241633	85746319	Genotype.vcf.gz
14	85746319	86647002	Genotype.vcf.gz
14	86647002	87635341	Genotype.vcf.gz
14	87635341	89497643	Genotype.vcf.gz
14	89497643	91296860	Genotype.vcf.gz
14	91296860	93132299	Genotype.vcf.gz
14	93132299	94325285	Genotype.vcf.gz
14	94325285	95750867	Genotype.vcf.gz
14	95750867	96262415	Genotype.vcf.gz
14	96262415	98341162	Genotype.vcf.gz
14	98341162	99138532	Genotype.vcf.gz
14	99138532	101534307	Genotype.vcf.gz
14	101534307	103012102	Genotype.vcf.gz
14	103012102	105001723	Genotype.vcf.gz
14	105001723	106340358	Genotype.vcf.gz
14	106340358	107289454	Genotype.vcf.gz
15	20001200	21131604	Genotype.vcf.gz
15	21131604	24195127	Genotype.vcf.gz
15	24195127	25108590	Genotype.vcf.gz
15	25108590	27298112	Genotype.vcf.gz
15	27298112	29338502	Genotype.vcf.gz
15	29338502	30165568	Genotype.vcf.gz
15	30165568	31591821	Genotype.vcf.gz
15	31591821	32441811	Genotype.vcf.gz
15	32441811	34015425	Genotype.vcf.gz
15	34015425	35083251	Genotype.vcf.gz
15	35083251	37456502	Genotype.vcf.gz
15	37456502	38530777	Genotype.vcf.gz
15	38530777	40384132	Genotype.vcf.gz
15	40384132	41177514	Genotype.vcf.gz
15	41177514	42776399	Genotype.vcf.gz
15	42776399	44198049	Genotype.vcf.gz
15	44198049	46618787	Genotype.vcf.gz
15	46618787	48136048	Genotype.vcf.gz
15	48136048	50008043	Genotype.vcf.gz
15	50008043	51677560	Genotype.vcf.gz
15	51677560	53069096	Genotype.vcf.gz
15	53069096	54508528	Genotype.vcf.gz
15	54508528	55136269	Genotype.vcf.gz
15	55136269	56901773	Genotype.vcf.gz
15	56901773	58441366	Genotype.vcf.gz
15	58441366	59694116	Genotype.vcf.gz
15	59694116	61265836	Genotype.vcf.gz
15	61265836	63215222	Genotype.vcf.gz
15	63215222	65104668	Genotype.vcf.gz
15	65104668	67094767	Genotype.vcf.gz
15	67094767	69017999	Genotype.vcf.gz
15	69017999	70133341	Genotype.vcf.gz
15	70133341	71922649	Genotype.vcf.gz
15	71922649	73628714	Genotype.vcf.gz
15	73628714	76398624	Genotype.vcf.gz
15	76398624	78516053	Genotype.vcf.gz
15	78516053	80860978	Genotype.vcf.gz
15	80860978	84260468	Genotype.vcf.gz
15	84260468	86652905	Genotype.vcf.gz
15	86652905	88369943	Genotype.vcf.gz
15	88369943	90475551	Genotype.vcf.gz
15	90475551	92164392	Genotype.vcf.gz
15	92164392	93780902	Genotype.vcf.gz
15	93780902	94924330	Genotype.vcf.gz
15	94924330	96141596	Genotype.vcf.gz
15	96141596	98030910	Genotype.vcf.gz
15	98030910	99244059	Genotype.vcf.gz
15	99244059	100636847	Genotype.vcf.gz
15	100636847	101552694	Genotype.vcf.gz
15	101552694	102520966	Genotype.vcf.gz
16	60054	1207206	Genotype.vcf.gz
16	1207206	2764829	Genotype.vcf.gz
16	2764829	4001196	Genotype.vcf.gz
16	4001196	5118345	Genotype.vcf.gz
16	5118345	5891580	Genotype.vcf.gz
16	5891580	6893551	Genotype.vcf.gz
16	6893551	7529121	Genotype.vcf.gz
16	7529121	8338519	Genotype.vcf.gz
16	8338519	9799419	Genotype.vcf.gz
16	9799419	10426032	Genotype.vcf.gz
16	10426032	11520161	Genotype.vcf.gz
16	11520161	12613098	Genotype.vcf.gz
16	12613098	13154437	Genotype.vcf.gz
16	13154437	14464002	Genotype.vcf.gz
16	14464002	16154060	Genotype.vcf.gz
16	16154060	17644749	Genotype.vcf.gz
16	17644749	18643607	Genotype.vcf.gz
16	18643607	20150571	Genotype.vcf.gz
16	20150571	22448904	Genotype.vcf.gz
16	22448904	24136875	Genotype.vcf.gz
16	24136875	25986862	Genotype.vcf.gz
16	25986862	27445755	Genotype.vcf.gz
16	27445755	29036613	Genotype.vcf.gz
16	29036613	31382943	Genotype.vcf.gz
16	31382943	46399473	Genotype.vcf.gz
16	46399473	49007926	Genotype.vcf.gz
16	49007926	52035823	Genotype.vcf.gz
16	52035823	53382572	Genotype.vcf.gz
16	53382572	55903774	Genotype.vcf.gz
16	55903774	57664330	Genotype.vcf.gz
16	57664330	59045405	Genotype.vcf.gz
16	59045405	60745694	Genotype.vcf.gz
16	60745694	62229849	Genotype.vcf.gz
16	62229849	63691589	Genotype.vcf.gz
16	63691589	65938566	Genotype.vcf.gz
16	65938566	68841363	Genotype.vcf.gz
16	68841363	71054028	Genotype.vcf.gz
16	71054028	72935150	Genotype.vcf.gz
16	72935150	74971503	Genotype.vcf.gz
16	74971503	75977954	Genotype.vcf.gz
16	75977954	77523678	Genotype.vcf.gz
16	77523678	78456292	Genotype.vcf.gz
16	78456292	79134815	Genotype.vcf.gz
16	79134815	80297374	Genotype.vcf.gz
16	80297374	81772536	Genotype.vcf.gz
16	81772536	82747728	Genotype.vcf.gz
16	82747728	83477208	Genotype.vcf.gz
16	83477208	84445883	Genotype.vcf.gz
16	84445883	85148685	Genotype.vcf.gz
16	85148685	86156599	Genotype.vcf.gz
16	86156599	86815411	Genotype.vcf.gz
16	86815411	87647349	Genotype.vcf.gz
16	87647349	89041165	Genotype.vcf.gz
16	89041165	90292812	Genotype.vcf.gz
17	56	1172399	Genotype.vcf.gz
17	1172399	1928731	Genotype.vcf.gz
17	1928731	3702312	Genotype.vcf.gz
17	3702312	4696261	Genotype.vcf.gz
17	4696261	5741334	Genotype.vcf.gz
17	5741334	7317398	Genotype.vcf.gz
17	7317398	8306425	Genotype.vcf.gz
17	8306425	9965921	Genotype.vcf.gz
17	9965921	11102815	Genotype.vcf.gz
17	11102815	12534769	Genotype.vcf.gz
17	12534769	13180372	Genotype.vcf.gz
17	13180372	13894637	Genotype.vcf.gz
17	13894637	15019097	Genotype.vcf.gz
17	15019097	16412342	Genotype.vcf.gz
17	16412342	18856320	Genotype.vcf.gz
17	18856320	21290357	Genotype.vcf.gz
17	21290357	27334244	Genotype.vcf.gz
17	27334244	29786491	Genotype.vcf.gz
17	29786491	31538425	Genotype.vcf.gz
17	31538425	32912798	Genotype.vcf.gz
17	32912798	34469036	Genotype.vcf.gz
17	34469036	36809344	Genotype.vcf.gz
17	36809344	38877404	Genotype.vcf.gz
17	38877404	39899810	Genotype.vcf.gz
17	39899810	41772087	Genotype.vcf.gz
17	41772087	43056905	Genotype.vcf.gz
17	43056905	45876022	Genotype.vcf.gz
17	45876022	47517400	Genotype.vcf.gz
17	47517400	49898957	Genotype.vcf.gz
17	49898957	50719055	Genotype.vcf.gz
17	50719055	51826118	Genotype.vcf.gz
17	51826118	53599432	Genotype.vcf.gz
17	53599432	55357541	Genotype.vcf.gz
17	55357541	57487512	Genotype.vcf.gz
17	57487512	59312755	Genotype.vcf.gz
17	59312755	61545589	Genotype.vcf.gz
17	61545589	63148128	Genotype.vcf.gz
17	63148128	64800430	Genotype.vcf.gz
17	64800430	67858770	Genotype.vcf.gz
17	67858770	69387817	Genotype.vcf.gz
17	69387817	72672203	Genotype.vcf.gz
17	72672203	74375560	Genotype.vcf.gz
17	74375560	76263413	Genotype.vcf.gz
17	76263413	77298636	Genotype.vcf.gz
17	77298636	78837588	Genotype.vcf.gz
17	78837588	80034408	Genotype.vcf.gz
17	80034408	81194908	Genotype.vcf.gz
18	10644	912486	Genotype.vcf.gz
18	912486	1942911	Genotype.vcf.gz
18	1942911	3891658	Genotype.vcf.gz
18	3891658	5834180	Genotype.vcf.gz
18	5834180	7090485	Genotype.vcf.gz
18	7090485	8498931	Genotype.vcf.gz
18	8498931	11075913	Genotype.vcf.gz
18	11075913	11905440	Genotype.vcf.gz
18	11905440	14440799	Genotype.vcf.gz
18	14440799	19485844	Genotype.vcf.gz
18	19485844	20649472	Genotype.vcf.gz
18	20649472	22996651	Genotype.vcf.gz
18	22996651	24026191	Genotype.vcf.gz
18	24026191	25927682	Genotype.vcf.gz
18	25927682	26875587	Genotype.vcf.gz
18	26875587	27866478	Genotype.vcf.gz
18	27866478	30264066	Genotype.vcf.gz
18	30264066	31780067	Genotype.vcf.gz
18	31780067	33861964	Genotype.vcf.gz
18	33861964	35075250	Genotype.vcf.gz
18	35075250	36365490	Genotype.vcf.gz
18	36365490	37684367	Genotype.vcf.gz
18	37684367	39892648	Genotype.vcf.gz
18	39892648	42922106	Genotype.vcf.gz
18	42922106	44299246	Genotype.vcf.gz
18	44299246	45939732	Genotype.vcf.gz
18	45939732	47730584	Genotype.vcf.gz
18	47730584	51062185	Genotype.vcf.gz
18	51062185	51554175	Genotype.vcf.gz
18	51554175	55213838	Genotype.vcf.gz
18	55213838	56530220	Genotype.vcf.gz
18	56530220	57630483	Genotype.vcf.gz
18	57630483	59020751	Genotype.vcf.gz
18	59020751	60277715	Genotype.vcf.gz
18	60277715	61820252	Genotype.vcf.gz
18	61820252	63463402	Genotype.vcf.gz
18	63463402	64252801	Genotype.vcf.gz
18	64252801	66125817	Genotype.vcf.gz
18	66125817	67175820	Genotype.vcf.gz
18	67175820	68621179	Genotype.vcf.gz
18	68621179	69621618	Genotype.vcf.gz
18	69621618	71038474	Genotype.vcf.gz
18	71038474	71971462	Genotype.vcf.gz
18	71971462	73526987	Genotype.vcf.gz
18	73526987	74813815	Genotype.vcf.gz
18	74813815	75976317	Genotype.vcf.gz
18	75976317	77149991	Genotype.vcf.gz
18	77149991	78017158	Genotype.vcf.gz
19	80840	610729	Genotype.vcf.gz
19	610729	2098396	Genotype.vcf.gz
19	2098396	3019660	Genotype.vcf.gz
19	3019660	4348967	Genotype.vcf.gz
19	4348967	5811852	Genotype.vcf.gz
19	5811852	6684885	Genotype.vcf.gz
19	6684885	8347513	Genotype.vcf.gz
19	8347513	9238393	Genotype.vcf.gz
19	9238393	11284028	Genotype.vcf.gz
19	11284028	13471127	Genotype.vcf.gz
19	13471127	14486347	Genotype.vcf.gz
19	14486347	15648610	Genotype.vcf.gz
19	15648610	16374416	Genotype.vcf.gz
19	16374416	18409862	Genotype.vcf.gz
19	18409862	19877471	Genotype.vcf.gz
19	19877471	20905757	Genotype.vcf.gz
19	20905757	22732896	Genotype.vcf.gz
19	22732896	23467746	Genotype.vcf.gz
19	23467746	28557893	Genotype.vcf.gz
19	28557893	29790947	Genotype.vcf.gz
19	29790947	30727954	Genotype.vcf.gz
19	30727954	32746520	Genotype.vcf.gz
19	32746520	34262952	Genotype.vcf.gz
19	34262952	36469295	Genotype.vcf.gz
19	36469295	37527033	Genotype.vcf.gz
19	37527033	40170619	Genotype.vcf.gz
19	40170619	40984601	Genotype.vcf.gz
19	40984601	42131573	Genotype.vcf.gz
19	42131573	43862455	Genotype.vcf.gz
19	43862455	44744108	Genotype.vcf.gz
19	44744108	46102697	Genotype.vcf.gz
19	46102697	47150082	Genotype.vcf.gz
19	47150082	49282227	Genotype.vcf.gz
19	49282227	51532567	Genotype.vcf.gz
19	51532567	52985290	Genotype.vcf.gz
19	52985290	54602362	Genotype.vcf.gz
19	54602362	55728080	Genotype.vcf.gz
19	55728080	57521335	Genotype.vcf.gz
19	57521335	59118839	Genotype.vcf.gz
20	60479	697600	Genotype.vcf.gz
20	697600	2469501	Genotype.vcf.gz
20	2469501	3828413	Genotype.vcf.gz
20	3828413	5477850	Genotype.vcf.gz
20	5477850	7084073	Genotype.vcf.gz
20	7084073	8117011	Genotype.vcf.gz
20	8117011	9730921	Genotype.vcf.gz
20	9730921	11249536	Genotype.vcf.gz
20	11249536	12447499	Genotype.vcf.gz
20	12447499	13689864	Genotype.vcf.gz
20	13689864	15958359	Genotype.vcf.gz
20	15958359	17487232	Genotype.vcf.gz
20	17487232	18972203	Genotype.vcf.gz
20	18972203	20959710	Genotype.vcf.gz
20	20959710	22491456	Genotype.vcf.gz
20	22491456	23293790	Genotype.vcf.gz
20	23293790	24717724	Genotype.vcf.gz
20	24717724	25344231	Genotype.vcf.gz
20	25344231	31614823	Genotype.vcf.gz
20	31614823	32813441	Genotype.vcf.gz
20	32813441	34960446	Genotype.vcf.gz
20	34960446	36909530	Genotype.vcf.gz
20	36909530	38436761	Genotype.vcf.gz
20	38436761	39610856	Genotype.vcf.gz
20	39610856	40585689	Genotype.vcf.gz
20	40585689	41615460	Genotype.vcf.gz
20	41615460	42680176	Genotype.vcf.gz
20	42680176	44839056	Genotype.vcf.gz
20	44839056	47199980	Genotype.vcf.gz
20	47199980	49239658	Genotype.vcf.gz
20	49239658	52472549	Genotype.vcf.gz
20	52472549	54055266	Genotype.vcf.gz
20	54055266	56447959	Genotype.vcf.gz
20	56447959	58406572	Genotype.vcf.gz
20	58406572	59561724	Genotype.vcf.gz
20	59561724	61301855	Genotype.vcf.gz
20	61301855	62190180	Genotype.vcf.gz
20	62190180	62965163	Genotype.vcf.gz
21	9411243	15950982	Genotype.vcf.gz
21	15950982	18053165	Genotype.vcf.gz
21	18053165	19480375	Genotype.vcf.gz
21	19480375	20962339	Genotype.vcf.gz
21	20962339	22072764	Genotype.vcf.gz
21	22072764	23362875	Genotype.vcf.gz
21	23362875	24696231	Genotype.vcf.gz
21	24696231	26469122	Genotype.vcf.gz
21	26469122	27271019	Genotype.vcf.gz
21	27271019	29125226	Genotype.vcf.gz
21	29125226	31197025	Genotype.vcf.gz
21	31197025	32668642	Genotype.vcf.gz
21	32668642	34376999	Genotype.vcf.gz
21	34376999	35225465	Genotype.vcf.gz
21	35225465	36524373	Genotype.vcf.gz
21	36524373	37870779	Genotype.vcf.gz
21	37870779	38711704	Genotype.vcf.gz
21	38711704	40482902	Genotype.vcf.gz
21	40482902	41389527	Genotype.vcf.gz
21	41389527	43321528	Genotype.vcf.gz
21	43321528	44506268	Genotype.vcf.gz
21	44506268	46177105	Genotype.vcf.gz
21	46177105	47492226	Genotype.vcf.gz
21	47492226	48119752	Genotype.vcf.gz
22	16050408	17674295	Genotype.vcf.gz
22	17674295	18296088	Genotype.vcf.gz
22	18296088	19912358	Genotype.vcf.gz
22	19912358	22357325	Genotype.vcf.gz
22	22357325	23712647	Genotype.vcf.gz
22	23712647	24984204	Genotype.vcf.gz
22	24984204	26791628	Genotype.vcf.gz
22	26791628	27834752	Genotype.vcf.gz
22	27834752	29651799	Genotype.vcf.gz
22	29651799	31439918	Genotype.vcf.gz
22	31439918	32664986	Genotype.vcf.gz
22	32664986	34494914	Genotype.vcf.gz
22	34494914	35530985	Genotype.vcf.gz
22	35530985	37570269	Genotype.vcf.gz
22	37570269	39307894	Genotype.vcf.gz
22	39307894	40545797	Genotype.vcf.gz
22	40545797	42690818	Genotype.vcf.gz
22	42690818	43714200	Genotype.vcf.gz
22	43714200	44995308	Genotype.vcf.gz
22	44995308	46470495	Genotype.vcf.gz
22	46470495	47596318	Genotype.vcf.gz
22	47596318	48903703	Genotype.vcf.gz
22	48903703	49824534	Genotype.vcf.gz
22	49824534	51243298	Genotype.vcf.gz
