chr	rs	ps	n_miss	b	beta	gamma
1.0	1:197126649:G:A	197126649	0	-2.687284e-03	-1.072664e-04	1
1.0	1:197127041:CA:C	197127041	0	-2.892543e-03	-1.171460e-04	1
1.0	1:197127491:A:C	197127491	0	-4.173613e-03	-1.674045e-04	1
1.0	1:197127578:A:G	197127578	0	1.384748e-03	5.563516e-05	1
1.0	1:197128358:T:C	197128358	0	2.380885e-03	9.730082e-05	1
1.0	1:197128726:G:A	197128726	0	-4.003367e-03	-1.603078e-04	1
1.0	1:197129597:G:A	197129597	0	2.380885e-03	9.730082e-05	1
1.0	1:197129981:C:T	197129981	0	-4.003367e-03	-1.603078e-04	1
1.0	1:197130577:T:TTTGTTAAATATTA	197130577	0	-2.968946e-03	-1.202200e-04	1
1.0	1:197130742:G:GAAGT	197130742	0	-3.362375e-03	-1.362132e-04	1
1.0	1:197130983:A:T	197130983	0	-1.995384e-04	-8.035725e-06	1
1.0	1:197131374:G:A	197131374	0	-7.830361e-04	-3.049358e-05	1
1.0	1:197131655:T:C	197131655	0	-2.981537e-03	-1.207327e-04	1
1.0	1:197131701:G:A	197131701	0	-2.371442e-03	-9.254416e-05	1
1.0	1:197131790:C:G	197131790	0	-2.095892e-03	-8.179333e-05	1
1.0	1:197132378:G:A	197132378	0	-3.006974e-03	-1.218313e-04	1
1.0	1:197134567:G:A	197134567	0	-1.458075e-03	-5.931353e-05	1
1.0	1:197134657:G:A	197134657	0	-2.329324e-03	-9.088772e-05	1
1.0	1:197134909:A:T	197134909	0	-4.856268e-04	-1.981298e-05	1
1.0	1:197135226:C:T	197135226	0	-1.586785e-03	-6.452614e-05	1
1.0	1:197135466:C:A	197135466	0	-1.570537e-05	-6.337494e-07	1
1.0	1:197135643:C:T	197135643	0	-2.564974e-03	-1.002951e-04	1
1.0	1:197136645:T:C	197136645	0	-2.419559e-03	-9.768237e-05	1
1.0	1:197136779:T:TA	197136779	0	2.079844e-05	8.392979e-07	1
1.0	1:197137448:C:T	197137448	0	-2.937351e-03	-1.185902e-04	1
1.0	1:197137753:A:G	197137753	0	-1.995569e-03	-7.788548e-05	1
1.0	1:197139390:C:CT	197139390	0	-2.354768e-03	-9.514051e-05	1
1.0	1:197141243:A:C	197141243	0	-3.742006e-03	-1.523807e-04	1
1.0	1:197141251:C:A	197141251	0	-1.265149e-03	-5.164391e-05	1
1.0	1:197141253:A:C	197141253	0	-2.768276e-03	-1.107575e-04	1
1.0	1:197141261:A:G	197141261	0	5.384568e-03	2.239059e-04	1
1.0	1:197141956:T:C	197141956	0	-2.949362e-03	-1.153899e-04	1
1.0	1:197141988:G:T	197141988	0	3.831276e-03	1.517723e-04	1
1.0	1:197143246:G:A	197143246	0	-2.371442e-03	-9.254406e-05	1
1.0	1:197143278:C:T	197143278	0	-2.419559e-03	-9.768235e-05	1
1.0	1:197143279:A:C	197143279	0	-2.419559e-03	-9.768235e-05	1
1.0	1:197143618:G:A	197143618	0	1.444327e-03	5.827831e-05	1
1.0	1:197144383:T:G	197144383	0	-2.753038e-03	-1.113835e-04	1
1.0	1:197145382:C:G	197145382	0	-2.439110e-03	-9.848464e-05	1
1.0	1:197145413:T:C	197145413	0	-2.309129e-03	-9.009571e-05	1
1.0	1:197145999:C:A	197145999	0	-2.328951e-03	-9.087291e-05	1
1.0	1:197146144:A:C	197146144	0	1.119624e-03	4.513841e-05	1
1.0	1:197147471:A:C	197147471	0	-2.588635e-03	-1.011246e-04	1
1.0	1:197147516:C:T	197147516	0	2.114867e-04	8.635258e-06	1
1.0	1:197147800:T:A	197147800	0	-1.966038e-03	-7.668752e-05	1
1.0	1:197148577:T:C	197148577	0	-2.323318e-03	-9.065435e-05	1
1.0	1:197148599:T:C	197148599	0	-2.695402e-03	-1.090008e-04	1
1.0	1:197148761:T:C	197148761	0	-2.444996e-03	-9.876139e-05	1
1.0	1:197150638:A:G	197150638	0	-2.444996e-03	-9.876139e-05	1
1.0	1:197150731:A:G	197150731	0	-1.511428e-03	-6.162516e-05	1
1.0	1:197151246:C:T	197151246	0	-2.419559e-03	-9.768231e-05	1
1.0	1:197151459:TAAC:T	197151459	0	4.360105e-03	1.732740e-04	1
1.0	1:197151626:C:CA	197151626	0	2.749399e-04	1.066128e-05	1
1.0	1:197151712:G:A	197151712	0	-1.698336e-03	-6.928844e-05	1
1.0	1:197151776:C:T	197151776	0	4.642486e-04	1.882848e-05	1
1.0	1:197152149:A:C	197152149	0	-2.444996e-03	-9.876138e-05	1
1.0	1:197153188:A:G	197153188	0	-2.444996e-03	-9.876138e-05	1
1.0	1:197153767:T:C	197153767	0	-4.146855e-03	-1.666842e-04	1
1.0	1:197154837:C:A	197154837	0	-2.403854e-03	-9.386688e-05	1
1.0	1:197155021:A:G	197155021	0	-1.570537e-05	-6.338606e-07	1
1.0	1:197155786:G:T	197155786	0	-2.633259e-03	-1.028207e-04	1
1.0	1:197155951:G:T	197155951	0	-3.231687e-03	-1.295515e-04	1
1.0	1:197156055:C:T	197156055	0	3.073514e-04	1.191480e-05	1
1.0	1:197157894:T:A	197157894	0	4.310719e-03	1.711834e-04	1
1.0	1:197158599:C:T	197158599	0	4.310719e-03	1.711834e-04	1
1.0	1:197159112:C:G	197159112	0	-2.419559e-03	-9.768230e-05	1
1.0	1:197159347:G:A	197159347	0	-4.003367e-03	-1.603079e-04	1
1.0	1:197160315:C:T	197160315	0	-2.737124e-03	-1.069908e-04	1
1.0	1:197160338:C:T	197160338	0	2.749399e-04	1.066122e-05	1
1.0	1:197161212:T:G	197161212	0	-2.419559e-03	-9.768229e-05	1
1.0	1:197161428:T:C	197161428	0	-2.444996e-03	-9.876136e-05	1
1.0	1:197162552:T:C	197162552	0	4.029494e-06	1.660912e-07	1
1.0	1:197162563:A:C	197162563	0	-3.630348e-05	-1.382172e-06	1
1.0	1:197163928:A:T	197163928	0	1.004731e-04	4.005247e-06	1
1.0	1:197165014:G:A	197165014	0	1.501788e-04	5.963308e-06	1
1.0	1:197165186:C:T	197165186	0	-2.227225e-03	-8.984627e-05	1
1.0	1:197165267:G:A	197165267	0	3.360970e-04	1.321708e-05	1
1.0	1:197165712:C:T	197165712	0	-9.926790e-04	-3.880284e-05	1
1.0	1:197166052:G:C	197166052	0	-4.962476e-03	-1.975906e-04	1
1.0	1:197166080:T:TC	197166080	0	-2.199935e-03	-8.858911e-05	1
1.0	1:197166386:T:A	197166386	0	-1.569353e-03	-6.322421e-05	1
1.0	1:197167465:C:T	197167465	0	-2.662816e-03	-1.060351e-04	1
1.0	1:197170027:A:G	197170027	0	-2.285625e-03	-8.978135e-05	1
1.0	1:197170552:TGA:T	197170552	0	-2.199935e-03	-8.858910e-05	1
1.0	1:197171088:A:G	197171088	0	1.624509e-04	6.628739e-06	1
1.0	1:197174647:T:C	197174647	0	3.516166e-03	1.404965e-04	1
1.0	1:197175214:G:A	197175214	0	-5.623593e-03	-2.248060e-04	1
1.0	1:197175487:G:A	197175487	0	-1.124354e-03	-4.595082e-05	1
1.0	1:197176159:T:C	197176159	0	-5.689008e-03	-2.278020e-04	1
1.0	1:197176169:G:T	197176169	0	5.361759e-04	2.119004e-05	1
1.0	1:197176370:A:G	197176370	0	-8.661528e-04	-3.534898e-05	1
1.0	1:197176536:C:T	197176536	0	-2.800637e-03	-1.102697e-04	1
1.0	1:197177632:A:G	197177632	0	3.516166e-03	1.404965e-04	1
1.0	1:197177787:T:G	197177787	0	-5.659580e-03	-2.263085e-04	1
1.0	1:197178538:C:T	197178538	0	-8.661528e-04	-3.534898e-05	1
1.0	1:197178620:C:T	197178620	0	-2.353919e-03	-9.237030e-05	1
1.0	1:197179651:G:A	197179651	0	-6.767520e-04	-2.756365e-05	1
1.0	1:197179710:C:T	197179710	0	-2.379356e-03	-9.335565e-05	1
1.0	1:197179795:A:C	197179795	0	1.794210e-04	7.073784e-06	1
1.0	1:197180369:A:T	197180369	0	3.345894e-03	1.326150e-04	1
1.0	1:197180924:G:A	197180924	0	1.907134e-04	7.554405e-06	1
1.0	1:197180938:A:AT	197180938	0	-2.000718e-03	-7.859854e-05	1
1.0	1:197181320:G:T	197181320	0	-5.887666e-03	-2.360531e-04	1
1.0	1:197181860:A:G	197181860	0	3.196738e-03	1.266019e-04	1
1.0	1:197181988:C:T	197181988	0	1.624509e-04	6.628742e-06	1
1.0	1:197183656:G:A	197183656	0	-5.659580e-03	-2.263084e-04	1
1.0	1:197183788:T:TA	197183788	0	-8.624967e-04	-3.489314e-05	1
1.0	1:197184935:C:T	197184935	0	-1.247867e-03	-5.093570e-05	1
1.0	1:197185649:C:T	197185649	0	-2.405349e-03	-9.441711e-05	1
1.0	1:197186321:T:C	197186321	0	-1.223385e-04	-4.979541e-06	1
1.0	1:197186449:A:G	197186449	0	5.489271e-03	2.283168e-04	1
1.0	1:197187605:C:T	197187605	0	-2.379356e-03	-9.335559e-05	1
1.0	1:197187779:C:T	197187779	0	-2.199935e-03	-8.858906e-05	1
1.0	1:197187956:G:A	197187956	0	3.649887e-03	1.451637e-04	1
1.0	1:197188664:A:G	197188664	0	-2.199935e-03	-8.858906e-05	1
1.0	1:197188908:T:C	197188908	0	-2.199935e-03	-8.858905e-05	1
1.0	1:197189447:T:C	197189447	0	-2.353919e-03	-9.237022e-05	1
1.0	1:197189827:C:T	197189827	0	2.380885e-03	9.730085e-05	1
1.0	1:197190675:A:C	197190675	0	1.794210e-04	7.073743e-06	1
1.0	1:197191330:A:C	197191330	0	1.624509e-04	6.628743e-06	1
1.0	1:197192913:A:G	197192913	0	3.305662e-03	1.309652e-04	1
1.0	1:197192918:T:C	197192918	0	1.794210e-04	7.073747e-06	1
1.0	1:197193645:T:G	197193645	0	-5.793367e-04	-2.366094e-05	1
1.0	1:197194270:T:G	197194270	0	1.624509e-04	6.628744e-06	1
1.0	1:197194271:C:A	197194271	0	1.624509e-04	6.628744e-06	1
1.0	1:197194500:A:T	197194500	0	7.862697e-04	3.196965e-05	1
1.0	1:197195061:G:A	197195061	0	1.794210e-04	7.073746e-06	1
1.0	1:197195279:T:C	197195279	0	1.794210e-04	7.073746e-06	1
1.0	1:197195650:C:T	197195650	0	-2.379356e-03	-9.335557e-05	1
1.0	1:197197644:A:G	197197644	0	-2.199935e-03	-8.858904e-05	1
1.0	1:197197708:A:G	197197708	0	-2.160437e-03	-8.594948e-05	1
1.0	1:197198217:C:T	197198217	0	-2.902353e-03	-1.182012e-04	1
1.0	1:197198425:C:T	197198425	0	2.613176e-03	1.064404e-04	1
1.0	1:197198558:T:C	197198558	0	-2.199935e-03	-8.858904e-05	1
1.0	1:197198563:C:A	197198563	0	-2.199935e-03	-8.858903e-05	1
1.0	1:197198733:C:T	197198733	0	-2.379356e-03	-9.335554e-05	1
1.0	1:197199434:T:G	197199434	0	3.305662e-03	1.309652e-04	1
1.0	1:197201223:G:A	197201223	0	-1.635419e-04	-6.683499e-06	1
1.0	1:197201796:C:A	197201796	0	-5.659580e-03	-2.263083e-04	1
1.0	1:197201860:G:A	197201860	0	-1.461127e-03	-5.959390e-05	1
1.0	1:197204142:A:G	197204142	0	1.240259e-03	5.062148e-05	1
1.0	1:197207605:A:G	197207605	0	5.638442e-04	2.224092e-05	1
1.0	1:197207702:G:A	197207702	0	-1.385142e-04	-5.643490e-06	1
1.0	1:197208161:CT:C	197208161	0	5.858759e-04	2.311520e-05	1
1.0	1:197210017:A:G	197210017	0	5.638442e-04	2.224092e-05	1
1.0	1:197210208:T:C	197210208	0	-5.216539e-03	-2.075784e-04	1
1.0	1:197210990:A:G	197210990	0	1.249307e-03	4.942986e-05	1
1.0	1:197211719:T:C	197211719	0	-7.936240e-04	-3.237770e-05	1
1.0	1:197211977:C:T	197211977	0	5.903703e-04	2.329303e-05	1
1.0	1:197214088:A:G	197214088	0	-5.659580e-03	-2.263083e-04	1
1.0	1:197214777:T:G	197214777	0	5.638442e-04	2.224090e-05	1
1.0	1:197215176:G:A	197215176	0	5.638442e-04	2.224090e-05	1
1.0	1:197215673:T:C	197215673	0	5.638442e-04	2.224090e-05	1
1.0	1:197216219:C:T	197216219	0	-5.590562e-03	-2.234188e-04	1
1.0	1:197216632:A:G	197216632	0	-1.815512e-03	-7.303793e-05	1
1.0	1:197216681:G:A	197216681	0	3.305662e-03	1.309652e-04	1
1.0	1:197216966:T:C	197216966	0	-5.659580e-03	-2.263082e-04	1
1.0	1:197217206:T:G	197217206	0	2.724281e-03	1.113386e-04	1
1.0	1:197217327:T:C	197217327	0	2.724281e-03	1.113386e-04	1
1.0	1:197218051:G:A	197218051	0	-1.847501e-03	-7.437043e-05	1
1.0	1:197218422:C:T	197218422	0	5.489271e-03	2.283167e-04	1
1.0	1:197218799:A:G	197218799	0	8.310127e-04	3.286892e-05	1
1.0	1:197219127:T:C	197219127	0	3.264211e-03	1.293205e-04	1
1.0	1:197219577:C:G	197219577	0	-9.319604e-04	-3.801672e-05	1
1.0	1:197220598:A:T	197220598	0	-1.850249e-03	-7.444761e-05	1
1.0	1:197221248:C:T	197221248	0	1.184788e-03	4.687032e-05	1
1.0	1:197221406:T:C	197221406	0	-2.297623e-03	-9.029549e-05	1
1.0	1:197221904:A:G	197221904	0	-1.924277e-03	-7.751709e-05	1
1.0	1:197223447:A:G	197223447	0	1.524073e-03	6.209103e-05	1
1.0	1:197224759:G:A	197224759	0	-8.661528e-04	-3.534897e-05	1
1.0	1:197226009:T:C	197226009	0	-2.802494e-03	-1.103788e-04	1
1.0	1:197226274:G:A	197226274	0	3.305662e-03	1.309652e-04	1
1.0	1:197227033:G:A	197227033	0	5.638442e-04	2.224087e-05	1
1.0	1:197228399:G:A	197228399	0	-1.020928e-03	-4.022151e-05	1
1.0	1:197229346:A:AAC	197229346	0	2.997599e-03	1.223804e-04	1
1.0	1:197231811:C:G	197231811	0	-5.869398e-03	-2.354091e-04	1
1.0	1:197232058:G:A	197232058	0	1.624509e-04	6.628748e-06	1
1.0	1:197232855:G:A	197232855	0	5.285080e-04	2.085462e-05	1
1.0	1:197233086:A:G	197233086	0	3.364557e-04	1.326894e-05	1
1.0	1:197233413:A:G	197233413	0	5.638442e-04	2.224086e-05	1
1.0	1:197235524:C:A	197235524	0	-2.425299e-03	-9.520770e-05	1
1.0	1:197235697:A:C	197235697	0	-1.980676e-03	-7.771983e-05	1
1.0	1:197235926:C:T	197235926	0	5.638442e-04	2.224084e-05	1
1.0	1:197236152:C:T	197236152	0	2.114867e-04	8.635249e-06	1
1.0	1:197237937:G:A	197237937	0	-5.983698e-03	-2.401158e-04	1
1.0	1:197238736:G:A	197238736	0	-5.983698e-03	-2.401158e-04	1
1.0	1:197238849:C:G	197238849	0	5.638442e-04	2.224082e-05	1
1.0	1:197240482:G:A	197240482	0	4.550488e-04	1.795053e-05	1
1.0	1:197240501:C:G	197240501	0	1.240259e-03	5.062148e-05	1
1.0	1:197240942:TC:T	197240942	0	4.198152e-04	1.655962e-05	1
1.0	1:197242872:C:G	197242872	0	-6.160778e-03	-2.477813e-04	1
1.0	1:197242933:G:C	197242933	0	-6.160778e-03	-2.477812e-04	1
1.0	1:197243395:C:A	197243395	0	9.221360e-04	3.645883e-05	1
1.0	1:197243571:A:C	197243571	0	2.960391e-03	1.209134e-04	1
1.0	1:197244096:A:T	197244096	0	-6.161059e-03	-2.477932e-04	1
1.0	1:197244197:T:C	197244197	0	9.222694e-04	3.646410e-05	1
1.0	1:197244290:G:A	197244290	0	3.522086e-03	1.399500e-04	1
1.0	1:197244456:C:G	197244456	0	1.624509e-04	6.628750e-06	1
1.0	1:197245860:A:G	197245860	0	-2.379356e-03	-9.335531e-05	1
1.0	1:197246217:T:G	197246217	0	1.524073e-03	6.209105e-05	1
1.0	1:197246414:C:T	197246414	0	5.638442e-04	2.224078e-05	1
1.0	1:197246968:C:A	197246968	0	-2.353919e-03	-9.236994e-05	1
1.0	1:197247814:A:G	197247814	0	-5.983698e-03	-2.401156e-04	1
1.0	1:197248016:A:G	197248016	0	5.638442e-04	2.224076e-05	1
1.0	1:197250615:G:A	197250615	0	-1.815512e-03	-7.303786e-05	1
1.0	1:197253267:T:C	197253267	0	-1.815512e-03	-7.303786e-05	1
1.0	1:197254186:G:A	197254186	0	-2.160437e-03	-8.594965e-05	1
1.0	1:197254535:T:C	197254535	0	-1.624892e-03	-6.622162e-05	1
1.0	1:197255992:T:C	197255992	0	5.638442e-04	2.224076e-05	1
1.0	1:197256688:G:T	197256688	0	-1.815512e-03	-7.303785e-05	1
1.0	1:197256919:C:T	197256919	0	2.114867e-04	8.635244e-06	1
1.0	1:197257090:T:C	197257090	0	3.629779e-03	1.442913e-04	1
1.0	1:197257556:C:T	197257556	0	-1.827365e-03	-7.352011e-05	1
1.0	1:197257855:G:A	197257855	0	5.318291e-04	2.098322e-05	1
1.0	1:197257913:A:C	197257913	0	2.962105e-04	1.168661e-05	1
1.0	1:197258736:A:G	197258736	0	9.190657e-04	3.633726e-05	1
1.0	1:197260652:C:A	197260652	0	-6.079660e-03	-2.444671e-04	1
1.0	1:197261492:G:A	197261492	0	1.189410e-03	4.848693e-05	1
1.0	1:197261598:T:C	197261598	0	3.797195e-03	1.511282e-04	1
1.0	1:197262184:C:T	197262184	0	3.629779e-03	1.442912e-04	1
1.0	1:197263737:A:G	197263737	0	5.638442e-04	2.224076e-05	1
1.0	1:197263740:C:T	197263740	0	5.638442e-04	2.224076e-05	1
1.0	1:197263972:C:T	197263972	0	-2.206135e-03	-8.892072e-05	1
1.0	1:197265113:T:TTTCTC	197265113	0	-5.685627e-03	-2.287152e-04	1
1.0	1:197265563:CT:C	197265563	0	2.765308e-03	1.131139e-04	1
1.0	1:197265641:C:T	197265641	0	-6.219640e-03	-2.499658e-04	1
1.0	1:197265842:C:T	197265842	0	-2.105048e-04	-8.528043e-06	1
1.0	1:197265955:C:G	197265955	0	-2.105048e-04	-8.528043e-06	1
1.0	1:197266535:G:A	197266535	0	-5.999662e-03	-2.407972e-04	1
1.0	1:197266587:A:T	197266587	0	-5.655796e-03	-2.273608e-04	1
1.0	1:197266940:G:A	197266940	0	-2.105048e-04	-8.528044e-06	1
1.0	1:197267532:C:A	197267532	0	-6.003193e-03	-2.411630e-04	1
1.0	1:197268347:G:A	197268347	0	-6.510176e-04	-2.652326e-05	1
1.0	1:197268493:G:A	197268493	0	-5.983698e-03	-2.401154e-04	1
1.0	1:197268700:A:AT	197268700	0	-5.359594e-03	-2.149305e-04	1
1.0	1:197269674:G:T	197269674	0	-6.579587e-04	-2.684404e-05	1
1.0	1:197271300:C:G	197271300	0	-2.105048e-04	-8.528042e-06	1
1.0	1:197273689:T:C	197273689	0	-2.306258e-04	-9.382768e-06	1
1.0	1:197273692:G:A	197273692	0	-2.306258e-04	-9.382768e-06	1
1.0	1:197273981:T:C	197273981	0	5.638442e-04	2.224073e-05	1
1.0	1:197274689:G:T	197274689	0	2.114867e-04	8.635245e-06	1
1.0	1:197275153:G:A	197275153	0	1.257712e-03	5.117510e-05	1
1.0	1:197277205:GTA:G	197277205	0	-8.680227e-04	-3.475878e-05	1
1.0	1:197277907:A:G	197277907	0	8.682643e-04	3.529283e-05	1
1.0	1:197278293:T:C	197278293	0	-6.502578e-05	-2.580494e-06	1
1.0	1:197278655:C:T	197278655	0	-1.961403e-04	-7.949026e-06	1
1.0	1:197279209:G:A	197279209	0	5.638442e-04	2.224073e-05	1
1.0	1:197279771:A:G	197279771	0	-8.661528e-04	-3.534895e-05	1
1.0	1:197279780:T:G	197279780	0	1.332343e-04	5.396479e-06	1
1.0	1:197280295:A:C	197280295	0	-5.655796e-03	-2.273607e-04	1
1.0	1:197280358:C:T	197280358	0	-6.194203e-03	-2.490878e-04	1
1.0	1:197281307:A:G	197281307	0	-1.367030e-04	-5.563507e-06	1
1.0	1:197281941:A:G	197281941	0	-5.706080e-03	-2.295522e-04	1
1.0	1:197281954:T:A	197281954	0	-5.706211e-03	-2.295577e-04	1
1.0	1:197282079:T:C	197282079	0	-5.655796e-03	-2.273606e-04	1
1.0	1:197282109:A:T	197282109	0	5.638442e-04	2.224075e-05	1
1.0	1:197283185:C:T	197283185	0	-5.655796e-03	-2.273606e-04	1
1.0	1:197284714:C:T	197284714	0	-8.661528e-04	-3.534894e-05	1
1.0	1:197285416:A:G	197285416	0	-5.655796e-03	-2.273605e-04	1
1.0	1:197285535:C:CG	197285535	0	-5.655796e-03	-2.273605e-04	1
1.0	1:197288308:G:T	197288308	0	8.838967e-04	3.495601e-05	1
1.0	1:197289719:G:A	197289719	0	5.489271e-03	2.283166e-04	1
1.0	1:197289793:A:T	197289793	0	-1.247867e-03	-5.093573e-05	1
1.0	1:197290325:G:A	197290325	0	5.638442e-04	2.224079e-05	1
1.0	1:197291306:A:G	197291306	0	-5.655796e-03	-2.273605e-04	1
1.0	1:197291537:G:T	197291537	0	-1.961403e-04	-7.949000e-06	1
1.0	1:197291690:C:A	197291690	0	-5.994873e-03	-2.407244e-04	1
1.0	1:197291727:C:T	197291727	0	-1.928889e-03	-7.671069e-05	1
1.0	1:197291912:T:A	197291912	0	-5.998063e-03	-2.408562e-04	1
1.0	1:197292749:T:A	197292749	0	-5.655796e-03	-2.273604e-04	1
1.0	1:197293423:T:A	197293423	0	-1.586785e-03	-6.452600e-05	1
1.0	1:197293606:G:A	197293606	0	-5.655796e-03	-2.273604e-04	1
1.0	1:197294699:C:T	197294699	0	-5.655796e-03	-2.273604e-04	1
1.0	1:197295641:A:T	197295641	0	5.638442e-04	2.224080e-05	1
1.0	1:197295847:C:A	197295847	0	-6.510176e-04	-2.652325e-05	1
1.0	1:197295886:G:A	197295886	0	-6.050889e-03	-2.431128e-04	1
1.0	1:197295974:C:T	197295974	0	-5.727234e-03	-2.296742e-04	1
1.0	1:197296376:A:C	197296376	0	-1.241497e-04	-5.060277e-06	1
1.0	1:197296830:ATCTTT:A	197296830	0	-1.015000e-03	-4.142943e-05	1
1.0	1:197297408:A:G	197297408	0	-5.655796e-03	-2.273603e-04	1
1.0	1:197297417:T:C	197297417	0	-6.194203e-03	-2.490875e-04	1
1.0	1:197297540:A:T	197297540	0	-5.643184e-03	-2.260971e-04	1
1.0	1:197298373:T:C	197298373	0	-5.655796e-03	-2.273602e-04	1
1.0	1:197298860:C:G	197298860	0	-5.655796e-03	-2.273602e-04	1
1.0	1:197299000:A:T	197299000	0	-5.655796e-03	-2.273602e-04	1
1.0	1:197299315:C:T	197299315	0	-4.756335e-03	-1.900369e-04	1
1.0	1:197299922:AC:A	197299922	0	-4.385336e-03	-1.761042e-04	1
1.0	1:197300267:A:G	197300267	0	-4.756335e-03	-1.900368e-04	1
1.0	1:197300496:A:G	197300496	0	-4.762608e-03	-1.903212e-04	1
1.0	1:197300995:A:C	197300995	0	-5.578973e-03	-2.235242e-04	1
1.0	1:197302005:C:T	197302005	0	5.710732e-04	2.331663e-05	1
1.0	1:197302140:A:T	197302140	0	2.267899e-04	9.240348e-06	1
1.0	1:197302402:T:G	197302402	0	-5.655796e-03	-2.273601e-04	1
1.0	1:197302665:A:G	197302665	0	-5.554415e-03	-2.225575e-04	1
1.0	1:197302690:A:G	197302690	0	-5.806368e-03	-2.337653e-04	1
1.0	1:197302717:T:C	197302717	0	-2.119877e-03	-8.541804e-05	1
1.0	1:197304081:T:G	197304081	0	-5.655796e-03	-2.273600e-04	1
1.0	1:197304361:C:G	197304361	0	-4.855734e-03	-1.930651e-04	1
1.0	1:197304932:C:A	197304932	0	-1.028849e-03	-4.190414e-05	1
1.0	1:197305049:GCCC:G	197305049	0	-4.855734e-03	-1.930651e-04	1
1.0	1:197305053:T:G	197305053	0	-4.855734e-03	-1.930650e-04	1
1.0	1:197305270:A:T	197305270	0	-5.655796e-03	-2.273599e-04	1
1.0	1:197305571:ATAT:A	197305571	0	-4.672183e-04	-1.853433e-05	1
1.0	1:197306099:C:T	197306099	0	-5.655796e-03	-2.273599e-04	1
1.0	1:197306247:T:C	197306247	0	7.924696e-04	3.226061e-05	1
1.0	1:197306404:T:G	197306404	0	2.713458e-03	1.108915e-04	1
1.0	1:197307120:C:T	197307120	0	1.275871e-03	5.038059e-05	1
1.0	1:197307318:A:T	197307318	0	-4.565579e-04	-1.812380e-05	1
1.0	1:197308081:G:T	197308081	0	-2.587249e-04	-1.049364e-05	1
1.0	1:197308507:G:A	197308507	0	-4.417815e-04	-1.752902e-05	1
1.0	1:197308740:G:A	197308740	0	-4.417815e-04	-1.752902e-05	1
1.0	1:197309594:G:T	197309594	0	-5.655796e-03	-2.273598e-04	1
1.0	1:197309603:T:C	197309603	0	-5.637967e-03	-2.266345e-04	1
1.0	1:197309622:GA:G	197309622	0	-4.855734e-03	-1.930649e-04	1
1.0	1:197310096:T:C	197310096	0	-5.899647e-03	-2.376636e-04	1
1.0	1:197310367:A:G	197310367	0	-1.183303e-03	-4.695408e-05	1
1.0	1:197310747:G:A	197310747	0	2.079140e-03	8.423984e-05	1
1.0	1:197310777:G:T	197310777	0	-1.306648e-03	-5.206850e-05	1
1.0	1:197311228:T:C	197311228	0	-2.309321e-03	-9.124613e-05	1
1.0	1:197311241:C:T	197311241	0	3.938313e-03	1.576934e-04	1
1.0	1:197311971:T:C	197311971	0	-1.454065e-03	-5.840314e-05	1
1.0	1:197312162:C:G	197312162	0	-5.101171e-03	-2.063495e-04	1
1.0	1:197312434:A:T	197312434	0	-1.454065e-03	-5.840314e-05	1
1.0	1:197312742:T:A	197312742	0	-1.428629e-03	-5.740418e-05	1
1.0	1:197312942:A:C	197312942	0	-6.473819e-04	-2.603782e-05	1
1.0	1:197313739:A:G	197313739	0	6.106137e-04	2.479534e-05	1
1.0	1:197314384:G:A	197314384	0	-6.473819e-04	-2.603782e-05	1
1.0	1:197314588:G:A	197314588	0	-8.514231e-04	-3.476067e-05	1
1.0	1:197315402:C:T	197315402	0	-4.867227e-03	-1.965707e-04	1
1.0	1:197316239:C:G	197316239	0	-5.101171e-03	-2.063495e-04	1
1.0	1:197316408:T:G	197316408	0	-1.454065e-03	-5.840314e-05	1
1.0	1:197316435:T:C	197316435	0	-5.101171e-03	-2.063495e-04	1
1.0	1:197316644:C:T	197316644	0	3.492784e-04	1.421736e-05	1
1.0	1:197316970:T:TAA	197316970	0	-4.599071e-03	-1.836627e-04	1
1.0	1:197317088:C:CTT	197317088	0	-1.465019e-03	-5.884739e-05	1
1.0	1:197317238:G:A	197317238	0	-1.327728e-03	-5.209693e-05	1
1.0	1:197317546:G:A	197317546	0	-8.815831e-04	-3.596348e-05	1
1.0	1:197317668:G:A	197317668	0	3.492784e-04	1.421736e-05	1
1.0	1:197318034:T:TTTTAA	197318034	0	-1.454065e-03	-5.840314e-05	1
1.0	1:197318153:C:T	197318153	0	8.351879e-04	3.409437e-05	1
1.0	1:197318309:A:G	197318309	0	-1.428629e-03	-5.740418e-05	1
1.0	1:197319799:A:G	197319799	0	-1.381750e-03	-5.622026e-05	1
1.0	1:197320786:T:A	197320786	0	-5.101171e-03	-2.063494e-04	1
1.0	1:197321440:C:T	197321440	0	-1.428629e-03	-5.740418e-05	1
1.0	1:197321451:A:G	197321451	0	-6.473819e-04	-2.603782e-05	1
1.0	1:197322520:C:G	197322520	0	-5.101171e-03	-2.063494e-04	1
1.0	1:197323727:C:T	197323727	0	-6.473819e-04	-2.603782e-05	1
1.0	1:197324195:T:G	197324195	0	-5.101171e-03	-2.063494e-04	1
1.0	1:197324200:T:G	197324200	0	-4.246720e-03	-1.707163e-04	1
1.0	1:197324562:G:A	197324562	0	-6.473819e-04	-2.603782e-05	1
1.0	1:197324983:T:C	197324983	0	-6.728188e-04	-2.704842e-05	1
1.0	1:197325908:T:G	197325908	0	-4.914737e-03	-1.988450e-04	1
1.0	1:197326373:T:C	197326373	0	-6.473819e-04	-2.603781e-05	1
1.0	1:197326492:A:T	197326492	0	3.377151e-04	1.372304e-05	1
1.0	1:197326609:C:CT	197326609	0	-3.169951e-03	-1.251625e-04	1
1.0	1:197327001:T:TA	197327001	0	-7.256926e-04	-2.940160e-05	1
1.0	1:197327399:C:T	197327399	0	-6.473819e-04	-2.603782e-05	1
1.0	1:197327547:C:A	197327547	0	-7.401147e-04	-3.011948e-05	1
1.0	1:197327930:GGTCAAAT:G	197327930	0	-3.647106e-03	-1.440067e-04	1
1.0	1:197328330:A:G	197328330	0	-1.194176e-04	-4.872972e-06	1
1.0	1:197329041:A:T	197329041	0	-4.914737e-03	-1.988450e-04	1
1.0	1:197329275:T:C	197329275	0	-3.460671e-03	-1.366809e-04	1
1.0	1:197329535:A:C	197329535	0	-4.133490e-03	-1.659898e-04	1
1.0	1:197329774:G:A	197329774	0	5.357128e-04	2.178975e-05	1
1.0	1:197330185:T:A	197330185	0	-4.914737e-03	-1.988450e-04	1
1.0	1:197331808:A:G	197331808	0	-5.863411e-04	-2.356922e-05	1
1.0	1:197331809:T:C	197331809	0	-3.710171e-03	-1.467905e-04	1
1.0	1:197332157:A:G	197332157	0	-4.975525e-03	-2.018473e-04	1
1.0	1:197333779:G:A	197333779	0	-5.244725e-03	-2.124379e-04	1
1.0	1:197334159:CT:C	197334159	0	-2.969822e-03	-1.172467e-04	1
1.0	1:197334422:C:T	197334422	0	-3.984160e-04	-1.606905e-05	1
1.0	1:197335178:A:T	197335178	0	-1.130821e-03	-4.540606e-05	1
1.0	1:197337036:C:T	197337036	0	-8.552363e-04	-3.491660e-05	1
1.0	1:197337668:T:C	197337668	0	-6.473819e-04	-2.603782e-05	1
1.0	1:197337830:G:A	197337830	0	-5.101171e-03	-2.063494e-04	1
1.0	1:197339183:C:G	197339183	0	-6.473819e-04	-2.603782e-05	1
1.0	1:197339479:G:A	197339479	0	-5.101171e-03	-2.063494e-04	1
1.0	1:197341587:A:T	197341587	0	1.401554e-03	5.663362e-05	1
1.0	1:197341901:G:A	197341901	0	-1.483140e-03	-5.963891e-05	1
1.0	1:197342380:G:A	197342380	0	-1.312753e-03	-5.183361e-05	1
1.0	1:197342686:T:C	197342686	0	-1.985571e-03	-7.799779e-05	1
1.0	1:197342725:G:A	197342725	0	-1.960135e-03	-7.697959e-05	1
1.0	1:197343295:C:G	197343295	0	-1.960135e-03	-7.697958e-05	1
1.0	1:197343296:A:G	197343296	0	-1.960135e-03	-7.697958e-05	1
1.0	1:197343763:T:C	197343763	0	-1.667730e-03	-6.542502e-05	1
1.0	1:197343950:T:A	197343950	0	2.554408e-04	1.016889e-05	1
1.0	1:197344461:G:A	197344461	0	-1.667730e-03	-6.542501e-05	1
1.0	1:197346913:C:G	197346913	0	-1.667730e-03	-6.542501e-05	1
1.0	1:197346937:T:C	197346937	0	1.918371e-03	7.482196e-05	1
1.0	1:197347299:T:C	197347299	0	-1.349715e-03	-5.298369e-05	1
1.0	1:197347846:G:GT	197347846	0	-2.031412e-03	-7.979257e-05	1
1.0	1:197347920:C:T	197347920	0	-1.693167e-03	-6.643771e-05	1
1.0	1:197349193:A:G	197349193	0	-1.667730e-03	-6.542498e-05	1
1.0	1:197350381:A:G	197350381	0	2.157756e-03	8.422281e-05	1
1.0	1:197350704:G:A	197350704	0	-1.667730e-03	-6.542498e-05	1
1.0	1:197351039:C:G	197351039	0	6.900638e-05	2.764122e-06	1
1.0	1:197351554:A:T	197351554	0	2.554408e-04	1.016890e-05	1
1.0	1:197352266:C:T	197352266	0	-1.667730e-03	-6.542497e-05	1
1.0	1:197352969:A:G	197352969	0	2.554408e-04	1.016891e-05	1
1.0	1:197354428:C:T	197354428	0	-1.381750e-03	-5.622029e-05	1
1.0	1:197354564:A:G	197354564	0	3.814219e-03	1.547539e-04	1
1.0	1:197355536:A:T	197355536	0	6.116628e-04	2.496358e-05	1
1.0	1:197355817:C:T	197355817	0	-1.384787e-03	-5.421345e-05	1
1.0	1:197357134:A:C	197357134	0	-1.011832e-03	-4.087402e-05	1
1.0	1:197357743:G:A	197357743	0	-3.846924e-04	-1.570838e-05	1
1.0	1:197358842:T:TA	197358842	0	-1.653551e-03	-6.467468e-05	1
1.0	1:197359999:G:A	197359999	0	3.496810e-04	1.359254e-05	1
1.0	1:197361571:G:A	197361571	0	-1.229942e-03	-4.813371e-05	1
1.0	1:197362651:A:AT	197362651	0	-9.254548e-04	-3.624872e-05	1
1.0	1:197362930:C:CTTAA	197362930	0	-9.269498e-04	-3.630306e-05	1
1.0	1:197363075:G:A	197363075	0	-1.229942e-03	-4.813369e-05	1
1.0	1:197363308:G:C	197363308	0	2.554408e-04	1.016892e-05	1
1.0	1:197363595:T:C	197363595	0	1.212161e-03	4.723000e-05	1
1.0	1:197363948:G:A	197363948	0	-1.204505e-03	-4.712787e-05	1
1.0	1:197365105:T:C	197365105	0	1.485382e-03	5.782395e-05	1
1.0	1:197365149:G:A	197365149	0	5.238305e-04	2.083075e-05	1
1.0	1:197366143:C:T	197366143	0	2.554408e-04	1.016892e-05	1
1.0	1:197366723:G:A	197366723	0	2.272677e-05	9.170286e-07	1
1.0	1:197368231:A:C	197368231	0	2.554408e-04	1.016893e-05	1
1.0	1:197368281:T:G	197368281	0	-1.229942e-03	-4.813367e-05	1
1.0	1:197368840:C:T	197368840	0	1.109892e-03	4.412651e-05	1
1.0	1:197369214:GC:G	197369214	0	-6.363321e-04	-2.582334e-05	1
1.0	1:197372198:A:C	197372198	0	-1.121117e-03	-4.386750e-05	1
1.0	1:197372250:C:A	197372250	0	-1.204505e-03	-4.712784e-05	1
1.0	1:197372437:G:T	197372437	0	-1.204505e-03	-4.712784e-05	1
1.0	1:197373711:A:G	197373711	0	-8.552363e-04	-3.491660e-05	1
1.0	1:197374165:GCTCGCC:G	197374165	0	4.073285e-04	1.658820e-05	1
1.0	1:197374175:G:T	197374175	0	-1.623096e-03	-6.383390e-05	1
1.0	1:197374762:G:A	197374762	0	-9.837061e-04	-3.864372e-05	1
1.0	1:197374815:T:C	197374815	0	-1.017524e-03	-3.997937e-05	1
1.0	1:197374884:C:T	197374884	0	-1.841570e-04	-7.383835e-06	1
1.0	1:197375307:T:G	197375307	0	-1.229942e-03	-4.813363e-05	1
1.0	1:197375863:AT:A	197375863	0	-2.199437e-04	-8.821699e-06	1
1.0	1:197376021:T:C	197376021	0	-1.229942e-03	-4.813363e-05	1
1.0	1:197376144:C:T	197376144	0	-1.204505e-03	-4.712780e-05	1
1.0	1:197376226:G:A	197376226	0	1.477541e-03	5.751688e-05	1
1.0	1:197376710:A:G	197376710	0	-1.038939e-03	-4.063703e-05	1
1.0	1:197376813:G:A	197376813	0	-2.398413e-03	-9.782834e-05	1
1.0	1:197377143:T:A	197377143	0	-1.229942e-03	-4.813361e-05	1
1.0	1:197377171:C:G	197377171	0	1.676038e-05	6.946312e-07	1
1.0	1:197379590:T:C	197379590	0	-1.785082e-03	-7.270679e-05	1
1.0	1:197379842:T:G	197379842	0	1.638332e-05	6.796636e-07	1
1.0	1:197381055:G:C	197381055	0	7.409669e-04	3.022153e-05	1
1.0	1:197381811:C:T	197381811	0	-3.988794e-04	-1.628832e-05	1
1.0	1:197381941:T:C	197381941	0	-1.229942e-03	-4.813360e-05	1
1.0	1:197382056:G:A	197382056	0	-9.268198e-04	-3.629785e-05	1
1.0	1:197382342:T:A	197382342	0	-8.891433e-04	-3.481444e-05	1
1.0	1:197383644:T:C	197383644	0	-9.429166e-04	-3.694726e-05	1
1.0	1:197384285:T:C	197384285	0	3.814219e-03	1.547539e-04	1
1.0	1:197384426:C:G	197384426	0	-1.045785e-03	-4.126432e-05	1
1.0	1:197386847:C:T	197386847	0	1.485382e-03	5.782388e-05	1
1.0	1:197387956:T:C	197387956	0	-1.204505e-03	-4.712775e-05	1
1.0	1:197388076:C:A	197388076	0	1.229942e-03	4.813357e-05	1
1.0	1:197388125:T:C	197388125	0	-1.204505e-03	-4.712774e-05	1
1.0	1:197388558:T:A	197388558	0	-1.204505e-03	-4.712773e-05	1
1.0	1:197388567:A:T	197388567	0	3.660663e-04	1.490048e-05	1
1.0	1:197388870:C:T	197388870	0	-1.045571e-03	-4.129503e-05	1
1.0	1:197388977:C:T	197388977	0	-2.310567e-03	-9.091164e-05	1
1.0	1:197389475:T:A	197389475	0	2.718094e-03	1.074289e-04	1
1.0	1:197392067:C:T	197392067	0	-2.554408e-04	-1.016897e-05	1
1.0	1:197392184:A:AT	197392184	0	7.188932e-04	2.924395e-05	1
1.0	1:197392891:T:C	197392891	0	-1.204505e-03	-4.712772e-05	1
1.0	1:197395234:G:A	197395234	0	-2.439722e-04	-9.957267e-06	1
1.0	1:197396108:C:A	197396108	0	-3.745186e-04	-1.489979e-05	1
1.0	1:197398086:A:G	197398086	0	-1.459946e-03	-5.678512e-05	1
1.0	1:197399172:C:T	197399172	0	1.485382e-03	5.782385e-05	1
1.0	1:197406760:GAA:G	197406760	0	1.289330e-03	5.020553e-05	1
1.0	1:197407886:A:AT	197407886	0	-3.387970e-04	-1.347939e-05	1
1.0	1:197408660:C:T	197408660	0	-2.554408e-04	-1.016898e-05	1
1.0	1:197412029:C:T	197412029	0	1.297397e-03	5.056313e-05	1
1.0	1:197412372:A:G	197412372	0	4.149760e-04	1.688081e-05	1
1.0	1:197412976:C:T	197412976	0	1.552430e-03	6.053813e-05	1
1.0	1:197413165:A:T	197413165	0	-1.109892e-03	-4.412656e-05	1
1.0	1:197413166:C:A	197413166	0	-1.109892e-03	-4.412656e-05	1
1.0	1:197414097:G:A	197414097	0	-1.566946e-03	-6.139250e-05	1
1.0	1:197415455:T:G	197415455	0	5.357128e-04	2.178974e-05	1
1.0	1:197415707:G:T	197415707	0	-1.168320e-03	-4.758421e-05	1
1.0	1:197417254:A:G	197417254	0	-3.846924e-04	-1.570837e-05	1
1.0	1:197419837:G:A	197419837	0	1.375217e-03	5.401713e-05	1
1.0	1:197420608:A:T	197420608	0	5.868370e-04	2.392199e-05	1
1.0	1:197420724:A:G	197420724	0	4.307343e-04	1.756043e-05	1
1.0	1:197421926:A:T	197421926	0	-2.398413e-03	-9.782834e-05	1
1.0	1:197425146:C:G	197425146	0	5.357128e-04	2.178974e-05	1
1.0	1:197426981:T:C	197426981	0	3.344926e-04	1.359166e-05	1
1.0	1:197428429:T:C	197428429	0	1.885431e-03	7.628410e-05	1
1.0	1:197430591:G:C	197430591	0	-1.120162e-03	-4.569272e-05	1
1.0	1:197431246:T:C	197431246	0	-1.521994e-04	-6.204508e-06	1
1.0	1:197431932:G:T	197431932	0	2.172597e-03	8.793883e-05	1
1.0	1:197433329:G:A	197433329	0	1.248301e-03	4.860532e-05	1
1.0	1:197433540:A:G	197433540	0	-1.521664e-03	-6.206384e-05	1
1.0	1:197436039:A:G	197436039	0	-3.994418e-06	-1.895686e-07	1
1.0	1:197438606:G:T	197438606	0	-1.639186e-03	-6.418504e-05	1
1.0	1:197439044:G:A	197439044	0	-1.297877e-03	-5.240600e-05	1
1.0	1:197443910:C:T	197443910	0	-9.337833e-04	-3.628341e-05	1
1.0	1:197444229:A:G	197444229	0	1.049234e-04	4.217424e-06	1
1.0	1:197445132:C:T	197445132	0	-6.924334e-04	-2.687825e-05	1
1.0	1:197445879:T:C	197445879	0	-8.815831e-04	-3.596346e-05	1
1.0	1:197446702:G:T	197446702	0	-1.038707e-03	-4.065110e-05	1
1.0	1:197447037:T:C	197447037	0	1.049234e-04	4.217425e-06	1
1.0	1:197448384:A:G	197448384	0	-8.815831e-04	-3.596346e-05	1
1.0	1:197449902:G:A	197449902	0	-1.115132e-03	-4.518486e-05	1
1.0	1:197450636:T:C	197450636	0	1.656245e-03	6.672926e-05	1
1.0	1:197452162:A:G	197452162	0	-3.994418e-06	-1.895704e-07	1
1.0	1:197452703:C:T	197452703	0	-2.398413e-03	-9.782834e-05	1
1.0	1:197452833:C:T	197452833	0	-1.543732e-03	-6.288243e-05	1
1.0	1:197453203:G:A	197453203	0	-3.994418e-06	-1.895734e-07	1
1.0	1:197456936:G:A	197456936	0	1.406927e-03	5.465982e-05	1
1.0	1:197457536:A:G	197457536	0	-1.403582e-03	-5.731706e-05	1
1.0	1:197458119:C:T	197458119	0	-2.943125e-05	-1.199983e-06	1
1.0	1:197459805:G:T	197459805	0	1.535698e-04	6.078155e-06	1
1.0	1:197459874:C:T	197459874	0	-1.188264e-03	-4.851760e-05	1
1.0	1:197459895:T:G	197459895	0	1.173534e-03	4.592960e-05	1
1.0	1:197462946:C:T	197462946	0	-2.511510e-04	-1.022547e-05	1
1.0	1:197463742:A:G	197463742	0	-1.078686e-03	-4.212189e-05	1
1.0	1:197463936:T:C	197463936	0	-1.260102e-03	-4.902067e-05	1
1.0	1:197465128:A:G	197465128	0	6.964088e-04	2.835274e-05	1
1.0	1:197465286:T:C	197465286	0	-1.360989e-03	-5.560577e-05	1
1.0	1:197465740:G:C	197465740	0	1.511850e-03	5.908352e-05	1
1.0	1:197465886:T:TA	197465886	0	-1.297877e-03	-5.240601e-05	1
1.0	1:197468341:G:A	197468341	0	-4.555335e-04	-1.853959e-05	1
1.0	1:197469030:T:G	197469030	0	-2.401096e-03	-9.793948e-05	1
1.0	1:197470146:G:A	197470146	0	-8.291329e-04	-3.273165e-05	1
1.0	1:197470756:T:A	197470756	0	2.538606e-04	1.010897e-05	1
1.0	1:197471350:G:A	197471350	0	-1.131097e-03	-4.470858e-05	1
1.0	1:197472070:G:A	197472070	0	1.406927e-03	5.465983e-05	1
1.0	1:197474654:G:A	197474654	0	-3.816426e-03	-1.548609e-04	1
1.0	1:197477448:C:T	197477448	0	-8.958536e-04	-3.482041e-05	1
1.0	1:197477498:G:A	197477498	0	-7.397985e-04	-2.919485e-05	1
1.0	1:197477610:T:C	197477610	0	1.700506e-05	6.929666e-07	1
1.0	1:197477760:G:A	197477760	0	6.339922e-04	2.579917e-05	1
1.0	1:197477848:T:TA	197477848	0	-1.835992e-04	-7.492715e-06	1
1.0	1:197477879:T:C	197477879	0	7.409669e-04	3.022152e-05	1
1.0	1:197478149:T:C	197478149	0	1.591785e-04	6.487870e-06	1
1.0	1:197478285:G:A	197478285	0	-3.537571e-03	-1.433590e-04	1
1.0	1:197480927:C:T	197480927	0	-1.136146e-03	-4.429219e-05	1
1.0	1:197480986:C:T	197480986	0	1.331242e-04	5.343886e-06	1
1.0	1:197482265:A:G	197482265	0	9.245522e-04	3.622087e-05	1
1.0	1:197483815:T:A	197483815	0	6.500796e-04	2.641847e-05	1
1.0	1:197484068:C:T	197484068	0	5.448118e-04	2.222524e-05	1
1.0	1:197484102:A:T	197484102	0	-1.087375e-03	-4.440727e-05	1
1.0	1:197485094:A:G	197485094	0	8.781284e-04	3.434967e-05	1
1.0	1:197488569:T:C	197488569	0	-8.451920e-04	-3.306085e-05	1
1.0	1:197489171:T:C	197489171	0	6.519592e-04	2.649498e-05	1
1.0	1:197489357:A:G	197489357	0	8.756453e-04	3.425277e-05	1
1.0	1:197490905:C:T	197490905	0	-2.623844e-04	-1.070028e-05	1
1.0	1:197490942:T:G	197490942	0	-1.415981e-03	-5.528905e-05	1
1.0	1:197493644:G:A	197493644	0	-1.091796e-03	-4.301900e-05	1
1.0	1:197499003:C:T	197499003	0	-2.223891e-04	-9.069790e-06	1
1.0	1:197499447:G:A	197499447	0	-6.579587e-04	-2.684403e-05	1
1.0	1:197503537:C:T	197503537	0	-2.516342e-03	-1.026249e-04	1
1.0	1:197504370:G:A	197504370	0	6.934652e-04	2.707915e-05	1
1.0	1:197504855:C:T	197504855	0	-1.521664e-03	-6.206384e-05	1
1.0	1:197505460:C:T	197505460	0	3.344926e-04	1.359166e-05	1
1.0	1:197505890:G:C	197505890	0	6.119763e-04	2.371089e-05	1
1.0	1:197506125:C:T	197506125	0	6.257775e-04	2.424557e-05	1
1.0	1:197506127:C:T	197506127	0	5.895745e-04	2.284239e-05	1
1.0	1:197506128:A:G	197506128	0	6.267676e-04	2.428392e-05	1
1.0	1:197507411:C:T	197507411	0	1.216456e-03	4.926544e-05	1
1.0	1:197508265:C:A	197508265	0	5.241695e-04	2.082079e-05	1
1.0	1:197508544:A:G	197508544	0	-7.134616e-04	-2.860268e-05	1
1.0	1:197508550:G:GA	197508550	0	1.475541e-03	6.034911e-05	1
1.0	1:197509624:A:G	197509624	0	-1.876692e-03	-7.370914e-05	1
1.0	1:197512404:T:C	197512404	0	-6.640340e-04	-2.614360e-05	1
1.0	1:197512778:G:A	197512778	0	5.241695e-04	2.082079e-05	1
1.0	1:197512789:A:C	197512789	0	-5.241695e-04	-2.082079e-05	1
1.0	1:197512851:G:T	197512851	0	-1.168320e-03	-4.758421e-05	1
1.0	1:197512914:C:T	197512914	0	2.145717e-03	8.721484e-05	1
1.0	1:197515715:G:A	197515715	0	-5.241695e-04	-2.082078e-05	1
1.0	1:197515777:A:T	197515777	0	-5.241695e-04	-2.082078e-05	1
1.0	1:197515981:T:C	197515981	0	-1.136146e-03	-4.429218e-05	1
1.0	1:197516960:CA:C	197516960	0	-7.461708e-04	-2.966860e-05	1
1.0	1:197517086:T:A	197517086	0	-1.789878e-03	-7.108794e-05	1
1.0	1:197519849:G:A	197519849	0	1.605015e-03	6.415494e-05	1
1.0	1:197520273:T:C	197520273	0	-1.019996e-03	-4.060308e-05	1
1.0	1:197520610:T:C	197520610	0	7.409669e-04	3.022153e-05	1
1.0	1:197521810:C:G	197521810	0	1.102149e-03	4.387335e-05	1
1.0	1:197521877:T:C	197521877	0	-1.102149e-03	-4.387335e-05	1
1.0	1:197522671:G:A	197522671	0	-5.241695e-04	-2.082076e-05	1
1.0	1:197522958:T:C	197522958	0	-5.241695e-04	-2.082076e-05	1
1.0	1:197523805:T:TA	197523805	0	4.740535e-04	1.883080e-05	1
1.0	1:197525439:A:C	197525439	0	7.353189e-04	2.924037e-05	1
1.0	1:197525973:T:G	197525973	0	4.291607e-04	1.752305e-05	1
1.0	1:197526143:CAGTTTT:C	197526143	0	4.264592e-04	1.693994e-05	1
1.0	1:197527261:A:G	197527261	0	-2.511510e-04	-1.022547e-05	1
1.0	1:197527458:AAT:A	197527458	0	-1.883977e-04	-7.477767e-06	1
1.0	1:197527615:G:T	197527615	0	-4.166037e-04	-1.654368e-05	1
1.0	1:197528149:A:G	197528149	0	6.804230e-04	2.705530e-05	1
1.0	1:197528329:T:C	197528329	0	-3.285022e-04	-1.304211e-05	1
1.0	1:197528488:G:A	197528488	0	-4.212276e-04	-1.672773e-05	1
1.0	1:197528805:T:A	197528805	0	4.312708e-04	1.712744e-05	1
1.0	1:197528857:A:AAGT	197528857	0	-4.223892e-04	-1.677396e-05	1
1.0	1:197529218:C:T	197529218	0	-4.386561e-04	-1.742025e-05	1
1.0	1:197529264:T:C	197529264	0	4.459218e-04	1.770933e-05	1
1.0	1:197529577:T:G	197529577	0	-3.952189e-04	-1.575967e-05	1
1.0	1:197530702:T:C	197530702	0	4.710879e-04	1.871317e-05	1
1.0	1:197531697:C:T	197531697	0	-6.230465e-04	-2.528368e-05	1
1.0	1:197531742:T:A	197531742	0	-2.439722e-04	-9.957270e-06	1
1.0	1:197532369:T:C	197532369	0	-6.640340e-04	-2.614356e-05	1
1.0	1:197532378:C:T	197532378	0	-6.640340e-04	-2.614356e-05	1
1.0	1:197533652:TTAA:T	197533652	0	2.130214e-04	8.327726e-06	1
1.0	1:197534354:T:C	197534354	0	2.774008e-03	1.111021e-04	1
1.0	1:197536225:A:G	197536225	0	-5.241695e-04	-2.082071e-05	1
1.0	1:197536424:C:T	197536424	0	8.533261e-04	3.309042e-05	1
1.0	1:197536674:C:A	197536674	0	-1.345622e-03	-5.497601e-05	1
1.0	1:197536705:T:C	197536705	0	-6.624860e-04	-2.633255e-05	1
1.0	1:197536773:T:C	197536773	0	-4.721117e-04	-1.893261e-05	1
1.0	1:197537029:C:T	197537029	0	-5.241695e-04	-2.082070e-05	1
1.0	1:197537074:G:C	197537074	0	5.507660e-04	2.245374e-05	1
1.0	1:197538543:T:C	197538543	0	-4.943498e-04	-1.963437e-05	1
1.0	1:197540207:C:CAT	197540207	0	-5.241695e-04	-2.082069e-05	1
1.0	1:197540349:T:TTACAAAA	197540349	0	5.241695e-04	2.082069e-05	1
1.0	1:197541560:G:A	197541560	0	-5.241695e-04	-2.082069e-05	1
1.0	1:197541723:T:C	197541723	0	6.119763e-04	2.371095e-05	1
1.0	1:197542106:G:A	197542106	0	5.241695e-04	2.082068e-05	1
1.0	1:197543437:G:A	197543437	0	-2.798403e-04	-1.134157e-05	1
1.0	1:197544655:G:A	197544655	0	-2.398413e-03	-9.782833e-05	1
1.0	1:197544989:A:G	197544989	0	1.398645e-04	5.469060e-06	1
1.0	1:197545199:C:T	197545199	0	-5.241695e-04	-2.082068e-05	1
1.0	1:197545307:C:T	197545307	0	6.708543e-04	2.666569e-05	1
1.0	1:197545720:G:A	197545720	0	7.472413e-04	2.970375e-05	1
1.0	1:197546093:A:T	197546093	0	1.398645e-04	5.469068e-06	1
1.0	1:197546426:C:T	197546426	0	5.241695e-04	2.082067e-05	1
1.0	1:197546459:A:G	197546459	0	-5.241695e-04	-2.082067e-05	1
1.0	1:197546891:G:A	197546891	0	-5.241695e-04	-2.082066e-05	1
1.0	1:197547491:C:T	197547491	0	5.241695e-04	2.082066e-05	1
1.0	1:197548670:CTT:C	197548670	0	5.241695e-04	2.082066e-05	1
1.0	1:197548933:A:G	197548933	0	-7.767187e-04	-3.087777e-05	1
1.0	1:197549333:T:C	197549333	0	4.052336e-04	1.653306e-05	1
1.0	1:197549551:G:A	197549551	0	9.873944e-04	3.926584e-05	1
1.0	1:197549777:C:G	197549777	0	6.119763e-04	2.371097e-05	1
1.0	1:197551514:C:G	197551514	0	5.241695e-04	2.082065e-05	1
1.0	1:197551935:AGTTT:A	197551935	0	9.059673e-04	3.513431e-05	1
1.0	1:197552034:T:G	197552034	0	-1.377496e-03	-5.373927e-05	1
1.0	1:197552813:A:G	197552813	0	-2.856999e-04	-1.145089e-05	1
1.0	1:197554134:C:T	197554134	0	-5.241695e-04	-2.082064e-05	1
1.0	1:197554302:C:A	197554302	0	-2.439722e-04	-9.957271e-06	1
1.0	1:197554943:C:T	197554943	0	4.395141e-03	1.809660e-04	1
1.0	1:197555404:T:C	197555404	0	5.660188e-04	2.211539e-05	1
1.0	1:197555519:T:C	197555519	0	5.241695e-04	2.082064e-05	1
1.0	1:197555761:T:C	197555761	0	-2.511510e-04	-1.022546e-05	1
1.0	1:197555860:A:G	197555860	0	-1.091796e-03	-4.301894e-05	1
1.0	1:197556904:T:C	197556904	0	7.583241e-04	3.015265e-05	1
1.0	1:197557000:G:A	197557000	0	-2.511510e-04	-1.022546e-05	1
1.0	1:197557272:A:G	197557272	0	5.241695e-04	2.082063e-05	1
1.0	1:197557273:C:G	197557273	0	-2.856999e-04	-1.145089e-05	1
1.0	1:197557552:G:A	197557552	0	-5.241695e-04	-2.082063e-05	1
1.0	1:197559290:T:C	197559290	0	-2.856999e-04	-1.145089e-05	1
1.0	1:197559324:C:T	197559324	0	-1.181145e-03	-4.655569e-05	1
1.0	1:197559835:G:A	197559835	0	5.241695e-04	2.082062e-05	1
1.0	1:197560252:C:T	197560252	0	3.449261e-04	1.388176e-05	1
1.0	1:197560485:T:C	197560485	0	5.241695e-04	2.082062e-05	1
1.0	1:197560962:C:T	197560962	0	8.505865e-04	3.298408e-05	1
1.0	1:197561057:G:A	197561057	0	-2.383204e-04	-9.716003e-06	1
1.0	1:197561182:C:T	197561182	0	-7.413335e-04	-2.948400e-05	1
1.0	1:197561407:T:C	197561407	0	-7.052212e-04	-2.804769e-05	1
1.0	1:197561510:C:T	197561510	0	-9.616481e-04	-3.790137e-05	1
1.0	1:197563333:C:T	197563333	0	6.119763e-04	2.371099e-05	1
1.0	1:197563701:C:T	197563701	0	8.533261e-04	3.309047e-05	1
1.0	1:197564995:C:A	197564995	0	5.507660e-04	2.245375e-05	1
1.0	1:197565337:C:T	197565337	0	5.070127e-04	2.014739e-05	1
1.0	1:197565832:T:C	197565832	0	4.945524e-04	1.964479e-05	1
1.0	1:197566302:TA:T	197566302	0	4.670584e-04	1.855101e-05	1
1.0	1:197566414:T:A	197566414	0	-2.246984e-04	-9.018732e-06	1
1.0	1:197566842:C:T	197566842	0	-7.228792e-04	-2.821203e-05	1
1.0	1:197569657:A:G	197569657	0	-5.241695e-04	-2.082060e-05	1
1.0	1:197570018:A:G	197570018	0	-5.441783e-04	-2.161893e-05	1
1.0	1:197570370:T:TTGAA	197570370	0	-5.442806e-04	-2.162299e-05	1
1.0	1:197570844:G:C	197570844	0	6.693894e-05	2.741717e-06	1
1.0	1:197571173:A:C	197571173	0	1.287480e-03	5.223833e-05	1
1.0	1:197571239:C:G	197571239	0	-7.441814e-04	-2.959733e-05	1
1.0	1:197571246:T:C	197571246	0	5.426595e-04	2.155847e-05	1
1.0	1:197571577:G:A	197571577	0	-7.020843e-04	-2.791237e-05	1
1.0	1:197571885:C:T	197571885	0	-6.483760e-04	-2.577763e-05	1
1.0	1:197572672:A:G	197572672	0	-3.011170e-03	-1.208234e-04	1
1.0	1:197572794:T:C	197572794	0	9.093951e-04	3.712428e-05	1
1.0	1:197573021:T:C	197573021	0	1.085606e-03	4.421174e-05	1
1.0	1:197573318:AAT:A	197573318	0	-5.397150e-04	-2.150168e-05	1
1.0	1:197574134:T:C	197574134	0	2.523602e-03	9.933886e-05	1
1.0	1:197574174:A:T	197574174	0	-1.158189e-03	-4.612421e-05	1
1.0	1:197574241:T:C	197574241	0	3.685654e-04	1.499095e-05	1
1.0	1:197574661:C:T	197574661	0	6.279523e-04	2.555528e-05	1
1.0	1:197577447:G:A	197577447	0	3.481560e-04	1.416008e-05	1
1.0	1:197578795:A:G	197578795	0	-1.255111e-04	-4.935799e-06	1
1.0	1:197578878:A:G	197578878	0	-2.704798e-03	-1.098728e-04	1
1.0	1:197579127:C:G	197579127	0	-4.799284e-05	-1.929183e-06	1
1.0	1:197580001:TG:T	197580001	0	-1.210731e-03	-4.943756e-05	1
1.0	1:197580084:C:T	197580084	0	-1.126962e-03	-4.486963e-05	1
1.0	1:197580452:T:C	197580452	0	1.421038e-03	5.662515e-05	1
1.0	1:197582447:T:A	197582447	0	-8.824433e-04	-3.427876e-05	1
1.0	1:197582601:A:G	197582601	0	1.429813e-03	5.695237e-05	1
1.0	1:197582780:A:G	197582780	0	-7.013913e-04	-2.744962e-05	1
1.0	1:197582809:C:T	197582809	0	1.163734e-03	4.633263e-05	1
1.0	1:197583281:A:G	197583281	0	-1.511079e-03	-6.020880e-05	1
1.0	1:197583843:T:C	197583843	0	-1.322392e-03	-5.263736e-05	1
1.0	1:197584553:T:C	197584553	0	1.201324e-03	4.781458e-05	1
1.0	1:197585077:T:C	197585077	0	-1.643559e-04	-6.706909e-06	1
1.0	1:197585681:G:T	197585681	0	-6.642630e-04	-2.710143e-05	1
1.0	1:197586232:C:T	197586232	0	-1.343920e-03	-5.217655e-05	1
1.0	1:197588006:A:T	197588006	0	1.399605e-03	5.572898e-05	1
1.0	1:197589088:G:A	197589088	0	-5.713359e-04	-2.324959e-05	1
1.0	1:197590190:A:G	197590190	0	-1.439241e-03	-5.642789e-05	1
1.0	1:197591406:C:A	197591406	0	-1.053494e-03	-4.088332e-05	1
1.0	1:197591828:G:A	197591828	0	7.339843e-04	2.993661e-05	1
1.0	1:197592166:C:T	197592166	0	7.157293e-04	2.911475e-05	1
1.0	1:197592500:C:A	197592500	0	2.614473e-04	1.067652e-05	1
1.0	1:197592568:C:T	197592568	0	1.311862e-03	5.222756e-05	1
1.0	1:197593751:C:A	197593751	0	-8.036343e-04	-3.263251e-05	1
1.0	1:197595240:C:G	197595240	0	1.039207e-03	4.139624e-05	1
1.0	1:197595569:T:C	197595569	0	2.365594e-04	9.320197e-06	1
1.0	1:197596035:C:T	197596035	0	1.297122e-03	5.163597e-05	1
1.0	1:197596196:C:G	197596196	0	1.423630e-03	5.666888e-05	1
1.0	1:197596505:C:T	197596505	0	1.436175e-03	5.718597e-05	1
1.0	1:197597469:C:T	197597469	0	1.423630e-03	5.666887e-05	1
1.0	1:197598092:A:C	197598092	0	-2.282273e-04	-9.126921e-06	1
1.0	1:197598133:A:C	197598133	0	-8.705243e-04	-3.465348e-05	1
1.0	1:197598134:C:A	197598134	0	-9.100505e-04	-3.624372e-05	1
1.0	1:197598249:C:T	197598249	0	1.423630e-03	5.666886e-05	1
1.0	1:197599030:T:C	197599030	0	2.365594e-04	9.320183e-06	1
1.0	1:197599552:T:C	197599552	0	1.423630e-03	5.666886e-05	1
1.0	1:197601092:T:C	197601092	0	1.423630e-03	5.666886e-05	1
1.0	1:197601668:C:A	197601668	0	1.423630e-03	5.666885e-05	1
1.0	1:197601985:GT:G	197601985	0	1.423630e-03	5.666885e-05	1
1.0	1:197601988:CTCAATAACCA:C	197601988	0	1.423630e-03	5.666884e-05	1
1.0	1:197603870:C:A	197603870	0	-9.013711e-04	-3.497245e-05	1
1.0	1:197604105:CA:C	197604105	0	1.423630e-03	5.666884e-05	1
1.0	1:197604346:C:T	197604346	0	1.388445e-03	5.527629e-05	1
1.0	1:197604580:C:T	197604580	0	6.383806e-04	2.598010e-05	1
1.0	1:197606708:C:T	197606708	0	1.423630e-03	5.666883e-05	1
1.0	1:197607459:C:T	197607459	0	1.556554e-03	6.367452e-05	1
1.0	1:197607538:C:T	197607538	0	-9.436845e-04	-3.852985e-05	1
1.0	1:197608612:C:T	197608612	0	1.540640e-04	6.122482e-06	1
1.0	1:197609340:C:T	197609340	0	4.344659e-03	1.776157e-04	1
1.0	1:197611682:C:A	197611682	0	-2.365594e-04	-9.320167e-06	1
1.0	1:197612109:AT:A	197612109	0	1.452593e-03	5.784128e-05	1
1.0	1:197612247:A:C	197612247	0	-1.262940e-04	-5.058151e-06	1
1.0	1:197612551:T:G	197612551	0	1.443958e-03	5.748762e-05	1
1.0	1:197612759:A:G	197612759	0	1.423630e-03	5.666882e-05	1
1.0	1:197612994:A:G	197612994	0	1.452567e-03	5.784025e-05	1
1.0	1:197613756:ACCT:A	197613756	0	1.423630e-03	5.666881e-05	1
1.0	1:197613889:T:C	197613889	0	1.416540e-04	5.778160e-06	1
1.0	1:197615058:C:T	197615058	0	-4.975300e-05	-1.924514e-06	1
1.0	1:197615130:A:G	197615130	0	-2.628899e-03	-1.035363e-04	1
1.0	1:197615193:G:A	197615193	0	6.559806e-04	2.642848e-05	1
1.0	1:197615391:C:T	197615391	0	1.578699e-03	6.289546e-05	1
1.0	1:197615669:A:C	197615669	0	-2.868463e-03	-1.158164e-04	1
1.0	1:197617436:T:C	197617436	0	-2.856999e-04	-1.145088e-05	1
1.0	1:197618445:T:C	197618445	0	4.494688e-03	1.861170e-04	1
1.0	1:197619068:T:C	197619068	0	1.407298e-03	5.602207e-05	1
1.0	1:197619932:C:T	197619932	0	1.501437e-03	5.979639e-05	1
1.0	1:197621237:G:C	197621237	0	-2.511510e-04	-1.022546e-05	1
1.0	1:197622434:T:A	197622434	0	-1.575973e-03	-6.420103e-05	1
1.0	1:197622528:C:A	197622528	0	2.680816e-04	1.043969e-05	1
1.0	1:197623055:G:A	197623055	0	-1.951261e-03	-7.951883e-05	1
1.0	1:197623633:G:A	197623633	0	-1.951261e-03	-7.951883e-05	1
1.0	1:197624722:C:T	197624722	0	4.353913e-03	1.792179e-04	1
1.0	1:197624909:G:A	197624909	0	-2.439722e-04	-9.957275e-06	1
1.0	1:197625313:T:A	197625313	0	-7.281718e-04	-2.921052e-05	1
1.0	1:197626708:A:C	197626708	0	-1.423630e-03	-5.666879e-05	1
1.0	1:197626823:T:C	197626823	0	-1.941509e-03	-7.741832e-05	1
1.0	1:197628029:T:A	197628029	0	2.313757e-03	9.110369e-05	1
1.0	1:197629342:C:T	197629342	0	-6.633055e-04	-2.629929e-05	1
1.0	1:197631141:G:A	197631141	0	2.316154e-03	9.216851e-05	1
1.0	1:197631657:A:G	197631657	0	6.141333e-04	2.506465e-05	1
1.0	1:197632910:C:T	197632910	0	-1.551899e-03	-6.181628e-05	1
1.0	1:197634871:A:G	197634871	0	-6.579587e-04	-2.684401e-05	1
1.0	1:197635605:G:A	197635605	0	-1.423630e-03	-5.666878e-05	1
1.0	1:197637993:AT:A	197637993	0	2.697017e-04	1.071055e-05	1
1.0	1:197638716:G:A	197638716	0	6.805962e-06	2.978234e-07	1
1.0	1:197639240:AATAGTT:A	197639240	0	-1.315568e-03	-5.236467e-05	1
1.0	1:197639486:CTA:C	197639486	0	-1.494259e-03	-5.807928e-05	1
1.0	1:197640970:G:A	197640970	0	-6.516337e-04	-2.655435e-05	1
1.0	1:197644581:T:C	197644581	0	-2.285144e-03	-9.129031e-05	1
1.0	1:197644773:C:T	197644773	0	-9.013711e-04	-3.497243e-05	1
1.0	1:197645449:T:A	197645449	0	-2.062613e-04	-8.122002e-06	1
1.0	1:197646544:C:T	197646544	0	-7.281718e-04	-2.921051e-05	1
1.0	1:197649327:CTCTA:C	197649327	0	-1.955327e-04	-7.697175e-06	1
1.0	1:197649780:T:A	197649780	0	-1.090429e-04	-4.434397e-06	1
1.0	1:197649941:A:G	197649941	0	-2.856999e-04	-1.145088e-05	1
1.0	1:197650505:A:G	197650505	0	-1.703537e-03	-6.788782e-05	1
1.0	1:197652602:T:C	197652602	0	-1.423630e-03	-5.666876e-05	1
1.0	1:197653036:T:G	197653036	0	-1.423630e-03	-5.666875e-05	1
1.0	1:197653854:A:G	197653854	0	6.519592e-04	2.649500e-05	1
1.0	1:197657149:G:A	197657149	0	-1.423630e-03	-5.666875e-05	1
1.0	1:197657361:C:A	197657361	0	-1.423630e-03	-5.666875e-05	1
1.0	1:197658799:C:T	197658799	0	-1.423630e-03	-5.666874e-05	1
1.0	1:197659263:T:C	197659263	0	-1.142721e-03	-4.431573e-05	1
1.0	1:197659555:A:G	197659555	0	-1.423630e-03	-5.666874e-05	1
1.0	1:197660008:CA:C	197660008	0	-1.350601e-03	-5.374831e-05	1
1.0	1:197660143:C:G	197660143	0	-7.705079e-04	-3.064173e-05	1
1.0	1:197661576:T:C	197661576	0	1.318893e-04	5.385294e-06	1
1.0	1:197661907:C:T	197661907	0	-2.439722e-04	-9.957276e-06	1
1.0	1:197663354:T:G	197663354	0	-2.443931e-04	-9.974477e-06	1
1.0	1:197664395:G:A	197664395	0	3.282020e-04	1.311550e-05	1
1.0	1:197664819:A:AT	197664819	0	1.830183e-03	7.320106e-05	1
1.0	1:197664936:A:C	197664936	0	7.999750e-05	3.269933e-06	1
1.0	1:197665307:T:C	197665307	0	-1.610349e-03	-6.560806e-05	1
1.0	1:197666111:G:A	197666111	0	-1.145219e-05	-4.342965e-07	1
1.0	1:197668565:C:G	197668565	0	-4.381246e-05	-1.707314e-06	1
1.0	1:197669329:C:T	197669329	0	1.273171e-04	5.192969e-06	1
1.0	1:197670673:C:G	197670673	0	-1.124987e-03	-4.589019e-05	1
1.0	1:197671115:C:T	197671115	0	-1.891935e-04	-7.450817e-06	1
1.0	1:197671853:T:C	197671853	0	-2.511510e-04	-1.022546e-05	1
1.0	1:197674188:T:C	197674188	0	6.383806e-04	2.598010e-05	1
1.0	1:197674344:T:C	197674344	0	-2.490162e-04	-9.693182e-06	1
1.0	1:197675371:G:T	197675371	0	-2.481433e-04	-1.010284e-05	1
1.0	1:197676205:A:G	197676205	0	2.914758e-03	1.176518e-04	1
1.0	1:197683590:C:T	197683590	0	-1.547773e-03	-6.177727e-05	1
1.0	1:197683734:A:C	197683734	0	-1.345422e-03	-5.436440e-05	1
1.0	1:197683807:G:C	197683807	0	-1.423630e-03	-5.666871e-05	1
1.0	1:197684499:T:C	197684499	0	-1.957607e-03	-7.812477e-05	1
1.0	1:197685151:C:T	197685151	0	-1.494673e-03	-5.954632e-05	1
1.0	1:197685827:T:C	197685827	0	4.132407e-03	1.682783e-04	1
1.0	1:197687255:T:C	197687255	0	4.870246e-04	1.982635e-05	1
1.0	1:197688956:A:G	197688956	0	1.348022e-03	5.507427e-05	1
1.0	1:197689698:T:TG	197689698	0	-1.423630e-03	-5.666870e-05	1
1.0	1:197689967:T:C	197689967	0	-5.222593e-04	-2.036781e-05	1
1.0	1:197690664:T:TG	197690664	0	-1.423630e-03	-5.666870e-05	1
1.0	1:197691802:A:G	197691802	0	5.507660e-04	2.245376e-05	1
1.0	1:197692318:A:G	197692318	0	-1.521664e-03	-6.206390e-05	1
1.0	1:197693127:G:A	197693127	0	-1.645580e-03	-6.558930e-05	1
1.0	1:197693266:C:T	197693266	0	3.316745e-04	1.338757e-05	1
1.0	1:197693782:T:C	197693782	0	2.528412e-03	9.931472e-05	1
1.0	1:197694037:A:C	197694037	0	-1.407730e-03	-5.603926e-05	1
1.0	1:197695451:T:C	197695451	0	1.479782e-04	6.029606e-06	1
1.0	1:197696572:G:A	197696572	0	-4.435005e-05	-1.776888e-06	1
1.0	1:197697626:C:T	197697626	0	9.587697e-04	3.717823e-05	1
1.0	1:197698103:T:C	197698103	0	-5.946161e-04	-2.362727e-05	1
1.0	1:197698901:T:C	197698901	0	-1.120162e-03	-4.569270e-05	1
1.0	1:197699699:C:T	197699699	0	-8.207843e-04	-3.264953e-05	1
1.0	1:197700895:T:C	197700895	0	7.024292e-04	2.747789e-05	1
1.0	1:197701279:G:C	197701279	0	6.771192e-04	2.680068e-05	1
1.0	1:197701376:G:C	197701376	0	6.771192e-04	2.680069e-05	1
1.0	1:197701669:G:C	197701669	0	-1.155852e-03	-4.527215e-05	1
1.0	1:197701992:C:T	197701992	0	7.090124e-04	2.806574e-05	1
1.0	1:197702225:G:C	197702225	0	-5.186134e-04	-2.060436e-05	1
1.0	1:197702401:C:T	197702401	0	7.881128e-04	3.121332e-05	1
1.0	1:197702476:G:C	197702476	0	6.440193e-04	2.549618e-05	1
1.0	1:197703895:T:C	197703895	0	-2.398413e-03	-9.782832e-05	1
1.0	1:197704717:C:T	197704717	0	2.451846e-04	9.728733e-06	1
1.0	1:197706926:GAA:G	197706926	0	-9.870874e-04	-3.833305e-05	1
1.0	1:197707150:GCCT:G	197707150	0	-2.016927e-03	-8.000874e-05	1
1.0	1:197708114:G:A	197708114	0	-9.870874e-04	-3.833305e-05	1
1.0	1:197708342:G:T	197708342	0	-1.991490e-03	-7.899448e-05	1
1.0	1:197708877:G:T	197708877	0	-4.693033e-04	-1.882581e-05	1
1.0	1:197709961:G:A	197709961	0	1.323926e-03	5.353207e-05	1
1.0	1:197710246:T:C	197710246	0	-1.579582e-03	-6.188599e-05	1
1.0	1:197711492:C:T	197711492	0	-9.801853e-04	-3.890635e-05	1
1.0	1:197711668:T:C	197711668	0	-8.689935e-04	-3.447828e-05	1
1.0	1:197712400:A:C	197712400	0	-8.807216e-04	-3.495257e-05	1
1.0	1:197712529:TA:T	197712529	0	-8.689935e-04	-3.447828e-05	1
1.0	1:197712532:A:C	197712532	0	-8.689935e-04	-3.447828e-05	1
1.0	1:197713783:C:T	197713783	0	-5.946161e-04	-2.362724e-05	1
